run_id,prompt_id,prompt_sha1,seed,condition,cond_tag,dose_target_D,angle_deg,measured_D,checkpoint,checkpoint_sha256,vae,text_encoder,tuner_node,tuner_version,tuner_mode,sampler,steps,cfg,scheduler,denoise,width,height,image_path,baseline_path,renders_root,suite_git_sha,timestamp
0,P01,52e5b19ca6,1618033,B1_neg,B1_neg_d030,0.03,-15.7296,0.03,krea2_turbo_bf16.safetensors,not recorded,qwen_image_vae.safetensors,qwen3vl_4b_bf16.safetensors,ArthemyKrea2ModelRotator,not recorded,Default,euler_ancestral,7,1.0,simple,1.0,1024,1280,C:\StabilityMatrix-win-x64\Data\Packages\ComfyUI\output\benchmark_rotations_clean_v1_steps7\renders\P01_s1618033_B1_neg_d030_00001_.png,C:\StabilityMatrix-win-x64\Data\Packages\ComfyUI\output\benchmark_rotations_clean_v1_steps7\renders\P01_s1618033_baseline_00001_.png,benchmark_rotations_clean_v1_steps7/renders,not recorded,2026-09-22T02:35:22.315777
1,P01,52e5b19ca6,1618033,B1_neg,B1_neg_d045,0.045001,-23.69,0.045002,krea2_turbo_bf16.safetensors,not recorded,qwen_image_vae.safetensors,qwen3vl_4b_bf16.safetensors,ArthemyKrea2ModelRotator,not recorded,Default,euler_ancestral,7,1.0,simple,1.0,1024,1280,C:\StabilityMatrix-win-x64\Data\Packages\ComfyUI\output\benchmark_rotations_clean_v1_steps7\renders\P01_s1618033_B1_neg_d045_00001_.png,C:\StabilityMatrix-win-x64\Data\Packages\ComfyUI\output\benchmark_rotations_clean_v1_steps7\renders\P01_s1618033_baseline_00001_.png,benchmark_rotations_clean_v1_steps7/renders,not recorded,2026-09-22T02:13:52.247494
2,P01,52e5b19ca6,1618033,B1_neg,B1_neg_d060,0.06,-31.7657,0.059995,krea2_turbo_bf16.safetensors,not recorded,qwen_image_vae.safetensors,qwen3vl_4b_bf16.safetensors,ArthemyKrea2ModelRotator,not recorded,Default,euler_ancestral,7,1.0,simple,1.0,1024,1280,C:\StabilityMatrix-win-x64\Data\Packages\ComfyUI\output\benchmark_rotations_clean_v1_steps7\renders\P01_s1618033_B1_neg_d060_00001_.png,C:\StabilityMatrix-win-x64\Data\Packages\ComfyUI\output\benchmark_rotations_clean_v1_steps7\renders\P01_s1618033_baseline_00001_.png,benchmark_rotations_clean_v1_steps7/renders,not recorded,2026-09-22T02:46:07.585414
3,P01,52e5b19ca6,1618033,B1_pos,B1_pos_d030,0.03,15.7296,0.03,krea2_turbo_bf16.safetensors,not recorded,qwen_image_vae.safetensors,qwen3vl_4b_bf16.safetensors,ArthemyKrea2ModelRotator,not recorded,Default,euler_ancestral,7,1.0,simple,1.0,1024,1280,C:\StabilityMatrix-win-x64\Data\Packages\ComfyUI\output\benchmark_rotations_clean_v1_steps7\renders\P01_s1618033_B1_pos_d030_00001_.png,C:\StabilityMatrix-win-x64\Data\Packages\ComfyUI\output\benchmark_rotations_clean_v1_steps7\renders\P01_s1618033_baseline_00001_.png,benchmark_rotations_clean_v1_steps7/renders,not recorded,2026-09-22T02:32:40.580953
4,P01,52e5b19ca6,1618033,B1_pos,B1_pos_d045,0.045001,23.69,0.045002,krea2_turbo_bf16.safetensors,not recorded,qwen_image_vae.safetensors,qwen3vl_4b_bf16.safetensors,ArthemyKrea2ModelRotator,not recorded,Default,euler_ancestral,7,1.0,simple,1.0,1024,1280,C:\StabilityMatrix-win-x64\Data\Packages\ComfyUI\output\benchmark_rotations_clean_v1_steps7\renders\P01_s1618033_B1_pos_d045_00001_.png,C:\StabilityMatrix-win-x64\Data\Packages\ComfyUI\output\benchmark_rotations_clean_v1_steps7\renders\P01_s1618033_baseline_00001_.png,benchmark_rotations_clean_v1_steps7/renders,not recorded,2026-09-22T02:11:10.363374
5,P01,52e5b19ca6,1618033,B1_pos,B1_pos_d060,0.06,31.7657,0.059995,krea2_turbo_bf16.safetensors,not recorded,qwen_image_vae.safetensors,qwen3vl_4b_bf16.safetensors,ArthemyKrea2ModelRotator,not recorded,Default,euler_ancestral,7,1.0,simple,1.0,1024,1280,C:\StabilityMatrix-win-x64\Data\Packages\ComfyUI\output\benchmark_rotations_clean_v1_steps7\renders\P01_s1618033_B1_pos_d060_00001_.png,C:\StabilityMatrix-win-x64\Data\Packages\ComfyUI\output\benchmark_rotations_clean_v1_steps7\renders\P01_s1618033_baseline_00001_.png,benchmark_rotations_clean_v1_steps7/renders,not recorded,2026-09-22T02:43:25.649100
6,P01,52e5b19ca6,1618033,B6_neg,B6_neg_d030,0.03,-21.3119,0.029999,krea2_turbo_bf16.safetensors,not recorded,qwen_image_vae.safetensors,qwen3vl_4b_bf16.safetensors,ArthemyKrea2ModelRotator,not recorded,Default,euler_ancestral,7,1.0,simple,1.0,1024,1280,C:\StabilityMatrix-win-x64\Data\Packages\ComfyUI\output\benchmark_rotations_clean_v1_steps7\renders\P01_s1618033_B6_neg_d030_00001_.png,C:\StabilityMatrix-win-x64\Data\Packages\ComfyUI\output\benchmark_rotations_clean_v1_steps7\renders\P01_s1618033_baseline_00001_.png,benchmark_rotations_clean_v1_steps7/renders,not recorded,2026-09-22T02:40:43.921719
7,P01,52e5b19ca6,1618033,B6_neg,B6_neg_d045,0.045001,-32.21,0.045001,krea2_turbo_bf16.safetensors,not recorded,qwen_image_vae.safetensors,qwen3vl_4b_bf16.safetensors,ArthemyKrea2ModelRotator,not recorded,Default,euler_ancestral,7,1.0,simple,1.0,1024,1280,C:\StabilityMatrix-win-x64\Data\Packages\ComfyUI\output\benchmark_rotations_clean_v1_steps7\renders\P01_s1618033_B6_neg_d045_00001_.png,C:\StabilityMatrix-win-x64\Data\Packages\ComfyUI\output\benchmark_rotations_clean_v1_steps7\renders\P01_s1618033_baseline_00001_.png,benchmark_rotations_clean_v1_steps7/renders,not recorded,2026-09-22T02:19:13.657482
8,P01,52e5b19ca6,1618033,B6_neg,B6_neg_d060,0.06,-43.405426,0.059995,krea2_turbo_bf16.safetensors,not recorded,qwen_image_vae.safetensors,qwen3vl_4b_bf16.safetensors,ArthemyKrea2ModelRotator,not recorded,Default,euler_ancestral,7,1.0,simple,1.0,1024,1280,C:\StabilityMatrix-win-x64\Data\Packages\ComfyUI\output\benchmark_rotations_clean_v1_steps7\renders\P01_s1618033_B6_neg_d060_00001_.png,C:\StabilityMatrix-win-x64\Data\Packages\ComfyUI\output\benchmark_rotations_clean_v1_steps7\renders\P01_s1618033_baseline_00001_.png,benchmark_rotations_clean_v1_steps7/renders,not recorded,2026-09-22T02:51:29.364137
9,P01,52e5b19ca6,1618033,B6_pos,B6_pos_d030,0.03,21.3119,0.029999,krea2_turbo_bf16.safetensors,not recorded,qwen_image_vae.safetensors,qwen3vl_4b_bf16.safetensors,ArthemyKrea2ModelRotator,not recorded,Default,euler_ancestral,7,1.0,simple,1.0,1024,1280,C:\StabilityMatrix-win-x64\Data\Packages\ComfyUI\output\benchmark_rotations_clean_v1_steps7\renders\P01_s1618033_B6_pos_d030_00001_.png,C:\StabilityMatrix-win-x64\Data\Packages\ComfyUI\output\benchmark_rotations_clean_v1_steps7\renders\P01_s1618033_baseline_00001_.png,benchmark_rotations_clean_v1_steps7/renders,not recorded,2026-09-22T02:38:03.077602
10,P01,52e5b19ca6,1618033,B6_pos,B6_pos_d045,0.045001,32.21,0.045001,krea2_turbo_bf16.safetensors,not recorded,qwen_image_vae.safetensors,qwen3vl_4b_bf16.safetensors,ArthemyKrea2ModelRotator,not recorded,Default,euler_ancestral,7,1.0,simple,1.0,1024,1280,C:\StabilityMatrix-win-x64\Data\Packages\ComfyUI\output\benchmark_rotations_clean_v1_steps7\renders\P01_s1618033_B6_pos_d045_00001_.png,C:\StabilityMatrix-win-x64\Data\Packages\ComfyUI\output\benchmark_rotations_clean_v1_steps7\renders\P01_s1618033_baseline_00001_.png,benchmark_rotations_clean_v1_steps7/renders,not recorded,2026-09-22T02:16:32.879196
11,P01,52e5b19ca6,1618033,B6_pos,B6_pos_d060,0.06,43.405426,0.059995,krea2_turbo_bf16.safetensors,not recorded,qwen_image_vae.safetensors,qwen3vl_4b_bf16.safetensors,ArthemyKrea2ModelRotator,not recorded,Default,euler_ancestral,7,1.0,simple,1.0,1024,1280,C:\StabilityMatrix-win-x64\Data\Packages\ComfyUI\output\benchmark_rotations_clean_v1_steps7\renders\P01_s1618033_B6_pos_d060_00001_.png,C:\StabilityMatrix-win-x64\Data\Packages\ComfyUI\output\benchmark_rotations_clean_v1_steps7\renders\P01_s1618033_baseline_00001_.png,benchmark_rotations_clean_v1_steps7/renders,not recorded,2026-09-22T02:48:48.457702
12,P01,52e5b19ca6,1618033,baseline,baseline,0.0,0.0,0.0,krea2_turbo_bf16.safetensors,not recorded,qwen_image_vae.safetensors,qwen3vl_4b_bf16.safetensors,none,not recorded,none,euler_ancestral,7,1.0,simple,1.0,1024,1280,C:\StabilityMatrix-win-x64\Data\Packages\ComfyUI\output\benchmark_rotations_clean_v1_steps7\renders\P01_s1618033_baseline_00001_.png,C:\StabilityMatrix-win-x64\Data\Packages\ComfyUI\output\benchmark_rotations_clean_v1_steps7\renders\P01_s1618033_baseline_00001_.png,benchmark_rotations_clean_v1_steps7/renders,not recorded,2026-09-22T02:08:29.212730
13,P01,52e5b19ca6,1618033,scrA_neg,scrA_neg_d030,0.03,-15.7296,0.03,krea2_turbo_bf16.safetensors,not recorded,qwen_image_vae.safetensors,qwen3vl_4b_bf16.safetensors,ArthemyKrea2ModelScrambleRotator,not recorded,Default,euler_ancestral,7,1.0,simple,1.0,1024,1280,C:\StabilityMatrix-win-x64\Data\Packages\ComfyUI\output\benchmark_rotations_clean_v1_steps7\renders\P01_s1618033_scrA_neg_d030_00001_.png,C:\StabilityMatrix-win-x64\Data\Packages\ComfyUI\output\benchmark_rotations_clean_v1_steps7\renders\P01_s1618033_baseline_00001_.png,benchmark_rotations_clean_v1_steps7/renders,not recorded,2026-09-22T02:56:51.080050
14,P01,52e5b19ca6,1618033,scrA_neg,scrA_neg_d045,0.045001,-23.69,0.045001,krea2_turbo_bf16.safetensors,not recorded,qwen_image_vae.safetensors,qwen3vl_4b_bf16.safetensors,ArthemyKrea2ModelScrambleRotator,not recorded,Default,euler_ancestral,7,1.0,simple,1.0,1024,1280,C:\StabilityMatrix-win-x64\Data\Packages\ComfyUI\output\benchmark_rotations_clean_v1_steps7\renders\P01_s1618033_scrA_neg_d045_00001_.png,C:\StabilityMatrix-win-x64\Data\Packages\ComfyUI\output\benchmark_rotations_clean_v1_steps7\renders\P01_s1618033_baseline_00001_.png,benchmark_rotations_clean_v1_steps7/renders,not recorded,2026-09-22T02:24:36.981226
15,P01,52e5b19ca6,1618033,scrA_neg,scrA_neg_d060,0.06,-31.7657,0.059995,krea2_turbo_bf16.safetensors,not recorded,qwen_image_vae.safetensors,qwen3vl_4b_bf16.safetensors,ArthemyKrea2ModelScrambleRotator,not recorded,Default,euler_ancestral,7,1.0,simple,1.0,1024,1280,C:\StabilityMatrix-win-x64\Data\Packages\ComfyUI\output\benchmark_rotations_clean_v1_steps7\renders\P01_s1618033_scrA_neg_d060_00001_.png,C:\StabilityMatrix-win-x64\Data\Packages\ComfyUI\output\benchmark_rotations_clean_v1_steps7\renders\P01_s1618033_baseline_00001_.png,benchmark_rotations_clean_v1_steps7/renders,not recorded,2026-09-22T03:07:21.430014
16,P01,52e5b19ca6,1618033,scrA_pos,scrA_pos_d030,0.03,15.7296,0.03,krea2_turbo_bf16.safetensors,not recorded,qwen_image_vae.safetensors,qwen3vl_4b_bf16.safetensors,ArthemyKrea2ModelScrambleRotator,not recorded,Default,euler_ancestral,7,1.0,simple,1.0,1024,1280,C:\StabilityMatrix-win-x64\Data\Packages\ComfyUI\output\benchmark_rotations_clean_v1_steps7\renders\P01_s1618033_scrA_pos_d030_00001_.png,C:\StabilityMatrix-win-x64\Data\Packages\ComfyUI\output\benchmark_rotations_clean_v1_steps7\renders\P01_s1618033_baseline_00001_.png,benchmark_rotations_clean_v1_steps7/renders,not recorded,2026-09-22T02:54:11.113387
17,P01,52e5b19ca6,1618033,scrA_pos,scrA_pos_d045,0.045001,23.69,0.045001,krea2_turbo_bf16.safetensors,not recorded,qwen_image_vae.safetensors,qwen3vl_4b_bf16.safetensors,ArthemyKrea2ModelScrambleRotator,not recorded,Default,euler_ancestral,7,1.0,simple,1.0,1024,1280,C:\StabilityMatrix-win-x64\Data\Packages\ComfyUI\output\benchmark_rotations_clean_v1_steps7\renders\P01_s1618033_scrA_pos_d045_00001_.png,C:\StabilityMatrix-win-x64\Data\Packages\ComfyUI\output\benchmark_rotations_clean_v1_steps7\renders\P01_s1618033_baseline_00001_.png,benchmark_rotations_clean_v1_steps7/renders,not recorded,2026-09-22T02:21:55.264146
18,P01,52e5b19ca6,1618033,scrA_pos,scrA_pos_d060,0.06,31.7657,0.059995,krea2_turbo_bf16.safetensors,not recorded,qwen_image_vae.safetensors,qwen3vl_4b_bf16.safetensors,ArthemyKrea2ModelScrambleRotator,not recorded,Default,euler_ancestral,7,1.0,simple,1.0,1024,1280,C:\StabilityMatrix-win-x64\Data\Packages\ComfyUI\output\benchmark_rotations_clean_v1_steps7\renders\P01_s1618033_scrA_pos_d060_00001_.png,C:\StabilityMatrix-win-x64\Data\Packages\ComfyUI\output\benchmark_rotations_clean_v1_steps7\renders\P01_s1618033_baseline_00001_.png,benchmark_rotations_clean_v1_steps7/renders,not recorded,2026-09-22T03:04:43.203101
19,P01,52e5b19ca6,1618033,scrB_neg,scrB_neg_d030,0.03,-21.3119,0.029999,krea2_turbo_bf16.safetensors,not recorded,qwen_image_vae.safetensors,qwen3vl_4b_bf16.safetensors,ArthemyKrea2ModelScrambleRotator,not recorded,Default,euler_ancestral,7,1.0,simple,1.0,1024,1280,C:\StabilityMatrix-win-x64\Data\Packages\ComfyUI\output\benchmark_rotations_clean_v1_steps7\renders\P01_s1618033_scrB_neg_d030_00001_.png,C:\StabilityMatrix-win-x64\Data\Packages\ComfyUI\output\benchmark_rotations_clean_v1_steps7\renders\P01_s1618033_baseline_00001_.png,benchmark_rotations_clean_v1_steps7/renders,not recorded,2026-09-22T03:02:05.203219
20,P01,52e5b19ca6,1618033,scrB_neg,scrB_neg_d045,0.045001,-32.21,0.045001,krea2_turbo_bf16.safetensors,not recorded,qwen_image_vae.safetensors,qwen3vl_4b_bf16.safetensors,ArthemyKrea2ModelScrambleRotator,not recorded,Default,euler_ancestral,7,1.0,simple,1.0,1024,1280,C:\StabilityMatrix-win-x64\Data\Packages\ComfyUI\output\benchmark_rotations_clean_v1_steps7\renders\P01_s1618033_scrB_neg_d045_00001_.png,C:\StabilityMatrix-win-x64\Data\Packages\ComfyUI\output\benchmark_rotations_clean_v1_steps7\renders\P01_s1618033_baseline_00001_.png,benchmark_rotations_clean_v1_steps7/renders,not recorded,2026-09-22T02:29:58.699297
21,P01,52e5b19ca6,1618033,scrB_neg,scrB_neg_d060,0.06,-43.405426,0.059995,krea2_turbo_bf16.safetensors,not recorded,qwen_image_vae.safetensors,qwen3vl_4b_bf16.safetensors,ArthemyKrea2ModelScrambleRotator,not recorded,Default,euler_ancestral,7,1.0,simple,1.0,1024,1280,C:\StabilityMatrix-win-x64\Data\Packages\ComfyUI\output\benchmark_rotations_clean_v1_steps7\renders\P01_s1618033_scrB_neg_d060_00001_.png,C:\StabilityMatrix-win-x64\Data\Packages\ComfyUI\output\benchmark_rotations_clean_v1_steps7\renders\P01_s1618033_baseline_00001_.png,benchmark_rotations_clean_v1_steps7/renders,not recorded,2026-09-22T03:12:35.990516
22,P01,52e5b19ca6,1618033,scrB_pos,scrB_pos_d030,0.03,21.3119,0.029999,krea2_turbo_bf16.safetensors,not recorded,qwen_image_vae.safetensors,qwen3vl_4b_bf16.safetensors,ArthemyKrea2ModelScrambleRotator,not recorded,Default,euler_ancestral,7,1.0,simple,1.0,1024,1280,C:\StabilityMatrix-win-x64\Data\Packages\ComfyUI\output\benchmark_rotations_clean_v1_steps7\renders\P01_s1618033_scrB_pos_d030_00001_.png,C:\StabilityMatrix-win-x64\Data\Packages\ComfyUI\output\benchmark_rotations_clean_v1_steps7\renders\P01_s1618033_baseline_00001_.png,benchmark_rotations_clean_v1_steps7/renders,not recorded,2026-09-22T02:59:28.228807
23,P01,52e5b19ca6,1618033,scrB_pos,scrB_pos_d045,0.045001,32.21,0.045001,krea2_turbo_bf16.safetensors,not recorded,qwen_image_vae.safetensors,qwen3vl_4b_bf16.safetensors,ArthemyKrea2ModelScrambleRotator,not recorded,Default,euler_ancestral,7,1.0,simple,1.0,1024,1280,C:\StabilityMatrix-win-x64\Data\Packages\ComfyUI\output\benchmark_rotations_clean_v1_steps7\renders\P01_s1618033_scrB_pos_d045_00001_.png,C:\StabilityMatrix-win-x64\Data\Packages\ComfyUI\output\benchmark_rotations_clean_v1_steps7\renders\P01_s1618033_baseline_00001_.png,benchmark_rotations_clean_v1_steps7/renders,not recorded,2026-09-22T02:27:17.826010
24,P01,52e5b19ca6,1618033,scrB_pos,scrB_pos_d060,0.06,43.405426,0.059995,krea2_turbo_bf16.safetensors,not recorded,qwen_image_vae.safetensors,qwen3vl_4b_bf16.safetensors,ArthemyKrea2ModelScrambleRotator,not recorded,Default,euler_ancestral,7,1.0,simple,1.0,1024,1280,C:\StabilityMatrix-win-x64\Data\Packages\ComfyUI\output\benchmark_rotations_clean_v1_steps7\renders\P01_s1618033_scrB_pos_d060_00001_.png,C:\StabilityMatrix-win-x64\Data\Packages\ComfyUI\output\benchmark_rotations_clean_v1_steps7\renders\P01_s1618033_baseline_00001_.png,benchmark_rotations_clean_v1_steps7/renders,not recorded,2026-09-22T03:09:58.718071
25,P01,52e5b19ca6,2718281,B1_neg,B1_neg_d030,0.03,-15.7296,0.03,krea2_turbo_bf16.safetensors,not recorded,qwen_image_vae.safetensors,qwen3vl_4b_bf16.safetensors,ArthemyKrea2ModelRotator,not recorded,Default,euler_ancestral,7,1.0,simple,1.0,1024,1280,C:\StabilityMatrix-win-x64\Data\Packages\ComfyUI\output\benchmark_rotations_clean_v1_steps7\renders\P01_s2718281_B1_neg_d030_00001_.png,C:\StabilityMatrix-win-x64\Data\Packages\ComfyUI\output\benchmark_rotations_clean_v1_steps7\renders\P01_s2718281_baseline_00001_.png,benchmark_rotations_clean_v1_steps7/renders,not recorded,2026-09-22T02:34:30.701917
26,P01,52e5b19ca6,2718281,B1_neg,B1_neg_d045,0.045001,-23.69,0.045002,krea2_turbo_bf16.safetensors,not recorded,qwen_image_vae.safetensors,qwen3vl_4b_bf16.safetensors,ArthemyKrea2ModelRotator,not recorded,Default,euler_ancestral,7,1.0,simple,1.0,1024,1280,C:\StabilityMatrix-win-x64\Data\Packages\ComfyUI\output\benchmark_rotations_clean_v1_steps7\renders\P01_s2718281_B1_neg_d045_00001_.png,C:\StabilityMatrix-win-x64\Data\Packages\ComfyUI\output\benchmark_rotations_clean_v1_steps7\renders\P01_s2718281_baseline_00001_.png,benchmark_rotations_clean_v1_steps7/renders,not recorded,2026-09-22T02:13:00.591405
27,P01,52e5b19ca6,2718281,B1_neg,B1_neg_d060,0.06,-31.7657,0.059995,krea2_turbo_bf16.safetensors,not recorded,qwen_image_vae.safetensors,qwen3vl_4b_bf16.safetensors,ArthemyKrea2ModelRotator,not recorded,Default,euler_ancestral,7,1.0,simple,1.0,1024,1280,C:\StabilityMatrix-win-x64\Data\Packages\ComfyUI\output\benchmark_rotations_clean_v1_steps7\renders\P01_s2718281_B1_neg_d060_00001_.png,C:\StabilityMatrix-win-x64\Data\Packages\ComfyUI\output\benchmark_rotations_clean_v1_steps7\renders\P01_s2718281_baseline_00001_.png,benchmark_rotations_clean_v1_steps7/renders,not recorded,2026-09-22T02:45:15.945278
28,P01,52e5b19ca6,2718281,B1_pos,B1_pos_d030,0.03,15.7296,0.03,krea2_turbo_bf16.safetensors,not recorded,qwen_image_vae.safetensors,qwen3vl_4b_bf16.safetensors,ArthemyKrea2ModelRotator,not recorded,Default,euler_ancestral,7,1.0,simple,1.0,1024,1280,C:\StabilityMatrix-win-x64\Data\Packages\ComfyUI\output\benchmark_rotations_clean_v1_steps7\renders\P01_s2718281_B1_pos_d030_00001_.png,C:\StabilityMatrix-win-x64\Data\Packages\ComfyUI\output\benchmark_rotations_clean_v1_steps7\renders\P01_s2718281_baseline_00001_.png,benchmark_rotations_clean_v1_steps7/renders,not recorded,2026-09-22T02:31:48.949282
29,P01,52e5b19ca6,2718281,B1_pos,B1_pos_d045,0.045001,23.69,0.045002,krea2_turbo_bf16.safetensors,not recorded,qwen_image_vae.safetensors,qwen3vl_4b_bf16.safetensors,ArthemyKrea2ModelRotator,not recorded,Default,euler_ancestral,7,1.0,simple,1.0,1024,1280,C:\StabilityMatrix-win-x64\Data\Packages\ComfyUI\output\benchmark_rotations_clean_v1_steps7\renders\P01_s2718281_B1_pos_d045_00001_.png,C:\StabilityMatrix-win-x64\Data\Packages\ComfyUI\output\benchmark_rotations_clean_v1_steps7\renders\P01_s2718281_baseline_00001_.png,benchmark_rotations_clean_v1_steps7/renders,not recorded,2026-09-22T02:10:18.833508
30,P01,52e5b19ca6,2718281,B1_pos,B1_pos_d060,0.06,31.7657,0.059995,krea2_turbo_bf16.safetensors,not recorded,qwen_image_vae.safetensors,qwen3vl_4b_bf16.safetensors,ArthemyKrea2ModelRotator,not recorded,Default,euler_ancestral,7,1.0,simple,1.0,1024,1280,C:\StabilityMatrix-win-x64\Data\Packages\ComfyUI\output\benchmark_rotations_clean_v1_steps7\renders\P01_s2718281_B1_pos_d060_00001_.png,C:\StabilityMatrix-win-x64\Data\Packages\ComfyUI\output\benchmark_rotations_clean_v1_steps7\renders\P01_s2718281_baseline_00001_.png,benchmark_rotations_clean_v1_steps7/renders,not recorded,2026-09-22T02:42:34.005295
31,P01,52e5b19ca6,2718281,B6_neg,B6_neg_d030,0.03,-21.3119,0.029999,krea2_turbo_bf16.safetensors,not recorded,qwen_image_vae.safetensors,qwen3vl_4b_bf16.safetensors,ArthemyKrea2ModelRotator,not recorded,Default,euler_ancestral,7,1.0,simple,1.0,1024,1280,C:\StabilityMatrix-win-x64\Data\Packages\ComfyUI\output\benchmark_rotations_clean_v1_steps7\renders\P01_s2718281_B6_neg_d030_00001_.png,C:\StabilityMatrix-win-x64\Data\Packages\ComfyUI\output\benchmark_rotations_clean_v1_steps7\renders\P01_s2718281_baseline_00001_.png,benchmark_rotations_clean_v1_steps7/renders,not recorded,2026-09-22T02:39:52.379824
32,P01,52e5b19ca6,2718281,B6_neg,B6_neg_d045,0.045001,-32.21,0.045001,krea2_turbo_bf16.safetensors,not recorded,qwen_image_vae.safetensors,qwen3vl_4b_bf16.safetensors,ArthemyKrea2ModelRotator,not recorded,Default,euler_ancestral,7,1.0,simple,1.0,1024,1280,C:\StabilityMatrix-win-x64\Data\Packages\ComfyUI\output\benchmark_rotations_clean_v1_steps7\renders\P01_s2718281_B6_neg_d045_00001_.png,C:\StabilityMatrix-win-x64\Data\Packages\ComfyUI\output\benchmark_rotations_clean_v1_steps7\renders\P01_s2718281_baseline_00001_.png,benchmark_rotations_clean_v1_steps7/renders,not recorded,2026-09-22T02:18:22.099530
33,P01,52e5b19ca6,2718281,B6_neg,B6_neg_d060,0.06,-43.405426,0.059995,krea2_turbo_bf16.safetensors,not recorded,qwen_image_vae.safetensors,qwen3vl_4b_bf16.safetensors,ArthemyKrea2ModelRotator,not recorded,Default,euler_ancestral,7,1.0,simple,1.0,1024,1280,C:\StabilityMatrix-win-x64\Data\Packages\ComfyUI\output\benchmark_rotations_clean_v1_steps7\renders\P01_s2718281_B6_neg_d060_00001_.png,C:\StabilityMatrix-win-x64\Data\Packages\ComfyUI\output\benchmark_rotations_clean_v1_steps7\renders\P01_s2718281_baseline_00001_.png,benchmark_rotations_clean_v1_steps7/renders,not recorded,2026-09-22T02:50:37.765546
34,P01,52e5b19ca6,2718281,B6_pos,B6_pos_d030,0.03,21.3119,0.029999,krea2_turbo_bf16.safetensors,not recorded,qwen_image_vae.safetensors,qwen3vl_4b_bf16.safetensors,ArthemyKrea2ModelRotator,not recorded,Default,euler_ancestral,7,1.0,simple,1.0,1024,1280,C:\StabilityMatrix-win-x64\Data\Packages\ComfyUI\output\benchmark_rotations_clean_v1_steps7\renders\P01_s2718281_B6_pos_d030_00001_.png,C:\StabilityMatrix-win-x64\Data\Packages\ComfyUI\output\benchmark_rotations_clean_v1_steps7\renders\P01_s2718281_baseline_00001_.png,benchmark_rotations_clean_v1_steps7/renders,not recorded,2026-09-22T02:37:11.603685
35,P01,52e5b19ca6,2718281,B6_pos,B6_pos_d045,0.045001,32.21,0.045001,krea2_turbo_bf16.safetensors,not recorded,qwen_image_vae.safetensors,qwen3vl_4b_bf16.safetensors,ArthemyKrea2ModelRotator,not recorded,Default,euler_ancestral,7,1.0,simple,1.0,1024,1280,C:\StabilityMatrix-win-x64\Data\Packages\ComfyUI\output\benchmark_rotations_clean_v1_steps7\renders\P01_s2718281_B6_pos_d045_00001_.png,C:\StabilityMatrix-win-x64\Data\Packages\ComfyUI\output\benchmark_rotations_clean_v1_steps7\renders\P01_s2718281_baseline_00001_.png,benchmark_rotations_clean_v1_steps7/renders,not recorded,2026-09-22T02:15:41.408796
36,P01,52e5b19ca6,2718281,B6_pos,B6_pos_d060,0.06,43.405426,0.059995,krea2_turbo_bf16.safetensors,not recorded,qwen_image_vae.safetensors,qwen3vl_4b_bf16.safetensors,ArthemyKrea2ModelRotator,not recorded,Default,euler_ancestral,7,1.0,simple,1.0,1024,1280,C:\StabilityMatrix-win-x64\Data\Packages\ComfyUI\output\benchmark_rotations_clean_v1_steps7\renders\P01_s2718281_B6_pos_d060_00001_.png,C:\StabilityMatrix-win-x64\Data\Packages\ComfyUI\output\benchmark_rotations_clean_v1_steps7\renders\P01_s2718281_baseline_00001_.png,benchmark_rotations_clean_v1_steps7/renders,not recorded,2026-09-22T02:47:56.831359
37,P01,52e5b19ca6,2718281,baseline,baseline,0.0,0.0,0.0,krea2_turbo_bf16.safetensors,not recorded,qwen_image_vae.safetensors,qwen3vl_4b_bf16.safetensors,none,not recorded,none,euler_ancestral,7,1.0,simple,1.0,1024,1280,C:\StabilityMatrix-win-x64\Data\Packages\ComfyUI\output\benchmark_rotations_clean_v1_steps7\renders\P01_s2718281_baseline_00001_.png,C:\StabilityMatrix-win-x64\Data\Packages\ComfyUI\output\benchmark_rotations_clean_v1_steps7\renders\P01_s2718281_baseline_00001_.png,benchmark_rotations_clean_v1_steps7/renders,not recorded,2026-09-22T02:07:37.885279
38,P01,52e5b19ca6,2718281,scrA_neg,scrA_neg_d030,0.03,-15.7296,0.03,krea2_turbo_bf16.safetensors,not recorded,qwen_image_vae.safetensors,qwen3vl_4b_bf16.safetensors,ArthemyKrea2ModelScrambleRotator,not recorded,Default,euler_ancestral,7,1.0,simple,1.0,1024,1280,C:\StabilityMatrix-win-x64\Data\Packages\ComfyUI\output\benchmark_rotations_clean_v1_steps7\renders\P01_s2718281_scrA_neg_d030_00001_.png,C:\StabilityMatrix-win-x64\Data\Packages\ComfyUI\output\benchmark_rotations_clean_v1_steps7\renders\P01_s2718281_baseline_00001_.png,benchmark_rotations_clean_v1_steps7/renders,not recorded,2026-09-22T02:56:00.589223
39,P01,52e5b19ca6,2718281,scrA_neg,scrA_neg_d045,0.045001,-23.69,0.045001,krea2_turbo_bf16.safetensors,not recorded,qwen_image_vae.safetensors,qwen3vl_4b_bf16.safetensors,ArthemyKrea2ModelScrambleRotator,not recorded,Default,euler_ancestral,7,1.0,simple,1.0,1024,1280,C:\StabilityMatrix-win-x64\Data\Packages\ComfyUI\output\benchmark_rotations_clean_v1_steps7\renders\P01_s2718281_scrA_neg_d045_00001_.png,C:\StabilityMatrix-win-x64\Data\Packages\ComfyUI\output\benchmark_rotations_clean_v1_steps7\renders\P01_s2718281_baseline_00001_.png,benchmark_rotations_clean_v1_steps7/renders,not recorded,2026-09-22T02:23:45.413910
40,P01,52e5b19ca6,2718281,scrA_neg,scrA_neg_d060,0.06,-31.7657,0.059995,krea2_turbo_bf16.safetensors,not recorded,qwen_image_vae.safetensors,qwen3vl_4b_bf16.safetensors,ArthemyKrea2ModelScrambleRotator,not recorded,Default,euler_ancestral,7,1.0,simple,1.0,1024,1280,C:\StabilityMatrix-win-x64\Data\Packages\ComfyUI\output\benchmark_rotations_clean_v1_steps7\renders\P01_s2718281_scrA_neg_d060_00001_.png,C:\StabilityMatrix-win-x64\Data\Packages\ComfyUI\output\benchmark_rotations_clean_v1_steps7\renders\P01_s2718281_baseline_00001_.png,benchmark_rotations_clean_v1_steps7/renders,not recorded,2026-09-22T03:06:30.972329
41,P01,52e5b19ca6,2718281,scrA_pos,scrA_pos_d030,0.03,15.7296,0.03,krea2_turbo_bf16.safetensors,not recorded,qwen_image_vae.safetensors,qwen3vl_4b_bf16.safetensors,ArthemyKrea2ModelScrambleRotator,not recorded,Default,euler_ancestral,7,1.0,simple,1.0,1024,1280,C:\StabilityMatrix-win-x64\Data\Packages\ComfyUI\output\benchmark_rotations_clean_v1_steps7\renders\P01_s2718281_scrA_pos_d030_00001_.png,C:\StabilityMatrix-win-x64\Data\Packages\ComfyUI\output\benchmark_rotations_clean_v1_steps7\renders\P01_s2718281_baseline_00001_.png,benchmark_rotations_clean_v1_steps7/renders,not recorded,2026-09-22T02:53:19.447479
42,P01,52e5b19ca6,2718281,scrA_pos,scrA_pos_d045,0.045001,23.69,0.045001,krea2_turbo_bf16.safetensors,not recorded,qwen_image_vae.safetensors,qwen3vl_4b_bf16.safetensors,ArthemyKrea2ModelScrambleRotator,not recorded,Default,euler_ancestral,7,1.0,simple,1.0,1024,1280,C:\StabilityMatrix-win-x64\Data\Packages\ComfyUI\output\benchmark_rotations_clean_v1_steps7\renders\P01_s2718281_scrA_pos_d045_00001_.png,C:\StabilityMatrix-win-x64\Data\Packages\ComfyUI\output\benchmark_rotations_clean_v1_steps7\renders\P01_s2718281_baseline_00001_.png,benchmark_rotations_clean_v1_steps7/renders,not recorded,2026-09-22T02:21:03.632070
43,P01,52e5b19ca6,2718281,scrA_pos,scrA_pos_d060,0.06,31.7657,0.059995,krea2_turbo_bf16.safetensors,not recorded,qwen_image_vae.safetensors,qwen3vl_4b_bf16.safetensors,ArthemyKrea2ModelScrambleRotator,not recorded,Default,euler_ancestral,7,1.0,simple,1.0,1024,1280,C:\StabilityMatrix-win-x64\Data\Packages\ComfyUI\output\benchmark_rotations_clean_v1_steps7\renders\P01_s2718281_scrA_pos_d060_00001_.png,C:\StabilityMatrix-win-x64\Data\Packages\ComfyUI\output\benchmark_rotations_clean_v1_steps7\renders\P01_s2718281_baseline_00001_.png,benchmark_rotations_clean_v1_steps7/renders,not recorded,2026-09-22T03:03:52.794308
44,P01,52e5b19ca6,2718281,scrB_neg,scrB_neg_d030,0.03,-21.3119,0.029999,krea2_turbo_bf16.safetensors,not recorded,qwen_image_vae.safetensors,qwen3vl_4b_bf16.safetensors,ArthemyKrea2ModelScrambleRotator,not recorded,Default,euler_ancestral,7,1.0,simple,1.0,1024,1280,C:\StabilityMatrix-win-x64\Data\Packages\ComfyUI\output\benchmark_rotations_clean_v1_steps7\renders\P01_s2718281_scrB_neg_d030_00001_.png,C:\StabilityMatrix-win-x64\Data\Packages\ComfyUI\output\benchmark_rotations_clean_v1_steps7\renders\P01_s2718281_baseline_00001_.png,benchmark_rotations_clean_v1_steps7/renders,not recorded,2026-09-22T03:01:14.772559
45,P01,52e5b19ca6,2718281,scrB_neg,scrB_neg_d045,0.045001,-32.21,0.045001,krea2_turbo_bf16.safetensors,not recorded,qwen_image_vae.safetensors,qwen3vl_4b_bf16.safetensors,ArthemyKrea2ModelScrambleRotator,not recorded,Default,euler_ancestral,7,1.0,simple,1.0,1024,1280,C:\StabilityMatrix-win-x64\Data\Packages\ComfyUI\output\benchmark_rotations_clean_v1_steps7\renders\P01_s2718281_scrB_neg_d045_00001_.png,C:\StabilityMatrix-win-x64\Data\Packages\ComfyUI\output\benchmark_rotations_clean_v1_steps7\renders\P01_s2718281_baseline_00001_.png,benchmark_rotations_clean_v1_steps7/renders,not recorded,2026-09-22T02:29:07.113027
46,P01,52e5b19ca6,2718281,scrB_neg,scrB_neg_d060,0.06,-43.405426,0.059995,krea2_turbo_bf16.safetensors,not recorded,qwen_image_vae.safetensors,qwen3vl_4b_bf16.safetensors,ArthemyKrea2ModelScrambleRotator,not recorded,Default,euler_ancestral,7,1.0,simple,1.0,1024,1280,C:\StabilityMatrix-win-x64\Data\Packages\ComfyUI\output\benchmark_rotations_clean_v1_steps7\renders\P01_s2718281_scrB_neg_d060_00001_.png,C:\StabilityMatrix-win-x64\Data\Packages\ComfyUI\output\benchmark_rotations_clean_v1_steps7\renders\P01_s2718281_baseline_00001_.png,benchmark_rotations_clean_v1_steps7/renders,not recorded,2026-09-22T03:11:45.498408
47,P01,52e5b19ca6,2718281,scrB_pos,scrB_pos_d030,0.03,21.3119,0.029999,krea2_turbo_bf16.safetensors,not recorded,qwen_image_vae.safetensors,qwen3vl_4b_bf16.safetensors,ArthemyKrea2ModelScrambleRotator,not recorded,Default,euler_ancestral,7,1.0,simple,1.0,1024,1280,C:\StabilityMatrix-win-x64\Data\Packages\ComfyUI\output\benchmark_rotations_clean_v1_steps7\renders\P01_s2718281_scrB_pos_d030_00001_.png,C:\StabilityMatrix-win-x64\Data\Packages\ComfyUI\output\benchmark_rotations_clean_v1_steps7\renders\P01_s2718281_baseline_00001_.png,benchmark_rotations_clean_v1_steps7/renders,not recorded,2026-09-22T02:58:37.826685
48,P01,52e5b19ca6,2718281,scrB_pos,scrB_pos_d045,0.045001,32.21,0.045001,krea2_turbo_bf16.safetensors,not recorded,qwen_image_vae.safetensors,qwen3vl_4b_bf16.safetensors,ArthemyKrea2ModelScrambleRotator,not recorded,Default,euler_ancestral,7,1.0,simple,1.0,1024,1280,C:\StabilityMatrix-win-x64\Data\Packages\ComfyUI\output\benchmark_rotations_clean_v1_steps7\renders\P01_s2718281_scrB_pos_d045_00001_.png,C:\StabilityMatrix-win-x64\Data\Packages\ComfyUI\output\benchmark_rotations_clean_v1_steps7\renders\P01_s2718281_baseline_00001_.png,benchmark_rotations_clean_v1_steps7/renders,not recorded,2026-09-22T02:26:26.241902
49,P01,52e5b19ca6,2718281,scrB_pos,scrB_pos_d060,0.06,43.405426,0.059995,krea2_turbo_bf16.safetensors,not recorded,qwen_image_vae.safetensors,qwen3vl_4b_bf16.safetensors,ArthemyKrea2ModelScrambleRotator,not recorded,Default,euler_ancestral,7,1.0,simple,1.0,1024,1280,C:\StabilityMatrix-win-x64\Data\Packages\ComfyUI\output\benchmark_rotations_clean_v1_steps7\renders\P01_s2718281_scrB_pos_d060_00001_.png,C:\StabilityMatrix-win-x64\Data\Packages\ComfyUI\output\benchmark_rotations_clean_v1_steps7\renders\P01_s2718281_baseline_00001_.png,benchmark_rotations_clean_v1_steps7/renders,not recorded,2026-09-22T03:09:08.240697
50,P01,52e5b19ca6,3141592,B1_neg,B1_neg_d030,0.03,-15.7296,0.03,krea2_turbo_bf16.safetensors,not recorded,qwen_image_vae.safetensors,qwen3vl_4b_bf16.safetensors,ArthemyKrea2ModelRotator,not recorded,Default,euler_ancestral,7,1.0,simple,1.0,1024,1280,C:\StabilityMatrix-win-x64\Data\Packages\ComfyUI\output\benchmark_rotations_clean_v1_steps7\renders\P01_s3141592_B1_neg_d030_00001_.png,C:\StabilityMatrix-win-x64\Data\Packages\ComfyUI\output\benchmark_rotations_clean_v1_steps7\renders\P01_s3141592_baseline_00001_.png,benchmark_rotations_clean_v1_steps7/renders,not recorded,2026-09-22T02:34:56.472358
51,P01,52e5b19ca6,3141592,B1_neg,B1_neg_d045,0.045001,-23.69,0.045002,krea2_turbo_bf16.safetensors,not recorded,qwen_image_vae.safetensors,qwen3vl_4b_bf16.safetensors,ArthemyKrea2ModelRotator,not recorded,Default,euler_ancestral,7,1.0,simple,1.0,1024,1280,C:\StabilityMatrix-win-x64\Data\Packages\ComfyUI\output\benchmark_rotations_clean_v1_steps7\renders\P01_s3141592_B1_neg_d045_00001_.png,C:\StabilityMatrix-win-x64\Data\Packages\ComfyUI\output\benchmark_rotations_clean_v1_steps7\renders\P01_s3141592_baseline_00001_.png,benchmark_rotations_clean_v1_steps7/renders,not recorded,2026-09-22T02:13:26.393695
52,P01,52e5b19ca6,3141592,B1_neg,B1_neg_d060,0.06,-31.7657,0.059995,krea2_turbo_bf16.safetensors,not recorded,qwen_image_vae.safetensors,qwen3vl_4b_bf16.safetensors,ArthemyKrea2ModelRotator,not recorded,Default,euler_ancestral,7,1.0,simple,1.0,1024,1280,C:\StabilityMatrix-win-x64\Data\Packages\ComfyUI\output\benchmark_rotations_clean_v1_steps7\renders\P01_s3141592_B1_neg_d060_00001_.png,C:\StabilityMatrix-win-x64\Data\Packages\ComfyUI\output\benchmark_rotations_clean_v1_steps7\renders\P01_s3141592_baseline_00001_.png,benchmark_rotations_clean_v1_steps7/renders,not recorded,2026-09-22T02:45:41.789787
53,P01,52e5b19ca6,3141592,B1_pos,B1_pos_d030,0.03,15.7296,0.03,krea2_turbo_bf16.safetensors,not recorded,qwen_image_vae.safetensors,qwen3vl_4b_bf16.safetensors,ArthemyKrea2ModelRotator,not recorded,Default,euler_ancestral,7,1.0,simple,1.0,1024,1280,C:\StabilityMatrix-win-x64\Data\Packages\ComfyUI\output\benchmark_rotations_clean_v1_steps7\renders\P01_s3141592_B1_pos_d030_00001_.png,C:\StabilityMatrix-win-x64\Data\Packages\ComfyUI\output\benchmark_rotations_clean_v1_steps7\renders\P01_s3141592_baseline_00001_.png,benchmark_rotations_clean_v1_steps7/renders,not recorded,2026-09-22T02:32:14.741473
54,P01,52e5b19ca6,3141592,B1_pos,B1_pos_d045,0.045001,23.69,0.045002,krea2_turbo_bf16.safetensors,not recorded,qwen_image_vae.safetensors,qwen3vl_4b_bf16.safetensors,ArthemyKrea2ModelRotator,not recorded,Default,euler_ancestral,7,1.0,simple,1.0,1024,1280,C:\StabilityMatrix-win-x64\Data\Packages\ComfyUI\output\benchmark_rotations_clean_v1_steps7\renders\P01_s3141592_B1_pos_d045_00001_.png,C:\StabilityMatrix-win-x64\Data\Packages\ComfyUI\output\benchmark_rotations_clean_v1_steps7\renders\P01_s3141592_baseline_00001_.png,benchmark_rotations_clean_v1_steps7/renders,not recorded,2026-09-22T02:10:44.603476
55,P01,52e5b19ca6,3141592,B1_pos,B1_pos_d060,0.06,31.7657,0.059995,krea2_turbo_bf16.safetensors,not recorded,qwen_image_vae.safetensors,qwen3vl_4b_bf16.safetensors,ArthemyKrea2ModelRotator,not recorded,Default,euler_ancestral,7,1.0,simple,1.0,1024,1280,C:\StabilityMatrix-win-x64\Data\Packages\ComfyUI\output\benchmark_rotations_clean_v1_steps7\renders\P01_s3141592_B1_pos_d060_00001_.png,C:\StabilityMatrix-win-x64\Data\Packages\ComfyUI\output\benchmark_rotations_clean_v1_steps7\renders\P01_s3141592_baseline_00001_.png,benchmark_rotations_clean_v1_steps7/renders,not recorded,2026-09-22T02:42:59.818213
56,P01,52e5b19ca6,3141592,B6_neg,B6_neg_d030,0.03,-21.3119,0.029999,krea2_turbo_bf16.safetensors,not recorded,qwen_image_vae.safetensors,qwen3vl_4b_bf16.safetensors,ArthemyKrea2ModelRotator,not recorded,Default,euler_ancestral,7,1.0,simple,1.0,1024,1280,C:\StabilityMatrix-win-x64\Data\Packages\ComfyUI\output\benchmark_rotations_clean_v1_steps7\renders\P01_s3141592_B6_neg_d030_00001_.png,C:\StabilityMatrix-win-x64\Data\Packages\ComfyUI\output\benchmark_rotations_clean_v1_steps7\renders\P01_s3141592_baseline_00001_.png,benchmark_rotations_clean_v1_steps7/renders,not recorded,2026-09-22T02:40:18.129592
57,P01,52e5b19ca6,3141592,B6_neg,B6_neg_d045,0.045001,-32.21,0.045001,krea2_turbo_bf16.safetensors,not recorded,qwen_image_vae.safetensors,qwen3vl_4b_bf16.safetensors,ArthemyKrea2ModelRotator,not recorded,Default,euler_ancestral,7,1.0,simple,1.0,1024,1280,C:\StabilityMatrix-win-x64\Data\Packages\ComfyUI\output\benchmark_rotations_clean_v1_steps7\renders\P01_s3141592_B6_neg_d045_00001_.png,C:\StabilityMatrix-win-x64\Data\Packages\ComfyUI\output\benchmark_rotations_clean_v1_steps7\renders\P01_s3141592_baseline_00001_.png,benchmark_rotations_clean_v1_steps7/renders,not recorded,2026-09-22T02:18:47.834027
58,P01,52e5b19ca6,3141592,B6_neg,B6_neg_d060,0.06,-43.405426,0.059995,krea2_turbo_bf16.safetensors,not recorded,qwen_image_vae.safetensors,qwen3vl_4b_bf16.safetensors,ArthemyKrea2ModelRotator,not recorded,Default,euler_ancestral,7,1.0,simple,1.0,1024,1280,C:\StabilityMatrix-win-x64\Data\Packages\ComfyUI\output\benchmark_rotations_clean_v1_steps7\renders\P01_s3141592_B6_neg_d060_00001_.png,C:\StabilityMatrix-win-x64\Data\Packages\ComfyUI\output\benchmark_rotations_clean_v1_steps7\renders\P01_s3141592_baseline_00001_.png,benchmark_rotations_clean_v1_steps7/renders,not recorded,2026-09-22T02:51:03.550048
59,P01,52e5b19ca6,3141592,B6_pos,B6_pos_d030,0.03,21.3119,0.029999,krea2_turbo_bf16.safetensors,not recorded,qwen_image_vae.safetensors,qwen3vl_4b_bf16.safetensors,ArthemyKrea2ModelRotator,not recorded,Default,euler_ancestral,7,1.0,simple,1.0,1024,1280,C:\StabilityMatrix-win-x64\Data\Packages\ComfyUI\output\benchmark_rotations_clean_v1_steps7\renders\P01_s3141592_B6_pos_d030_00001_.png,C:\StabilityMatrix-win-x64\Data\Packages\ComfyUI\output\benchmark_rotations_clean_v1_steps7\renders\P01_s3141592_baseline_00001_.png,benchmark_rotations_clean_v1_steps7/renders,not recorded,2026-09-22T02:37:37.322168
60,P01,52e5b19ca6,3141592,B6_pos,B6_pos_d045,0.045001,32.21,0.045001,krea2_turbo_bf16.safetensors,not recorded,qwen_image_vae.safetensors,qwen3vl_4b_bf16.safetensors,ArthemyKrea2ModelRotator,not recorded,Default,euler_ancestral,7,1.0,simple,1.0,1024,1280,C:\StabilityMatrix-win-x64\Data\Packages\ComfyUI\output\benchmark_rotations_clean_v1_steps7\renders\P01_s3141592_B6_pos_d045_00001_.png,C:\StabilityMatrix-win-x64\Data\Packages\ComfyUI\output\benchmark_rotations_clean_v1_steps7\renders\P01_s3141592_baseline_00001_.png,benchmark_rotations_clean_v1_steps7/renders,not recorded,2026-09-22T02:16:07.100933
61,P01,52e5b19ca6,3141592,B6_pos,B6_pos_d060,0.06,43.405426,0.059995,krea2_turbo_bf16.safetensors,not recorded,qwen_image_vae.safetensors,qwen3vl_4b_bf16.safetensors,ArthemyKrea2ModelRotator,not recorded,Default,euler_ancestral,7,1.0,simple,1.0,1024,1280,C:\StabilityMatrix-win-x64\Data\Packages\ComfyUI\output\benchmark_rotations_clean_v1_steps7\renders\P01_s3141592_B6_pos_d060_00001_.png,C:\StabilityMatrix-win-x64\Data\Packages\ComfyUI\output\benchmark_rotations_clean_v1_steps7\renders\P01_s3141592_baseline_00001_.png,benchmark_rotations_clean_v1_steps7/renders,not recorded,2026-09-22T02:48:22.659881
62,P01,52e5b19ca6,3141592,baseline,baseline,0.0,0.0,0.0,krea2_turbo_bf16.safetensors,not recorded,qwen_image_vae.safetensors,qwen3vl_4b_bf16.safetensors,none,not recorded,none,euler_ancestral,7,1.0,simple,1.0,1024,1280,C:\StabilityMatrix-win-x64\Data\Packages\ComfyUI\output\benchmark_rotations_clean_v1_steps7\renders\P01_s3141592_baseline_00001_.png,C:\StabilityMatrix-win-x64\Data\Packages\ComfyUI\output\benchmark_rotations_clean_v1_steps7\renders\P01_s3141592_baseline_00001_.png,benchmark_rotations_clean_v1_steps7/renders,not recorded,2026-09-22T02:08:03.547930
63,P01,52e5b19ca6,3141592,scrA_neg,scrA_neg_d030,0.03,-15.7296,0.03,krea2_turbo_bf16.safetensors,not recorded,qwen_image_vae.safetensors,qwen3vl_4b_bf16.safetensors,ArthemyKrea2ModelScrambleRotator,not recorded,Default,euler_ancestral,7,1.0,simple,1.0,1024,1280,C:\StabilityMatrix-win-x64\Data\Packages\ComfyUI\output\benchmark_rotations_clean_v1_steps7\renders\P01_s3141592_scrA_neg_d030_00001_.png,C:\StabilityMatrix-win-x64\Data\Packages\ComfyUI\output\benchmark_rotations_clean_v1_steps7\renders\P01_s3141592_baseline_00001_.png,benchmark_rotations_clean_v1_steps7/renders,not recorded,2026-09-22T02:56:25.839857
64,P01,52e5b19ca6,3141592,scrA_neg,scrA_neg_d045,0.045001,-23.69,0.045001,krea2_turbo_bf16.safetensors,not recorded,qwen_image_vae.safetensors,qwen3vl_4b_bf16.safetensors,ArthemyKrea2ModelScrambleRotator,not recorded,Default,euler_ancestral,7,1.0,simple,1.0,1024,1280,C:\StabilityMatrix-win-x64\Data\Packages\ComfyUI\output\benchmark_rotations_clean_v1_steps7\renders\P01_s3141592_scrA_neg_d045_00001_.png,C:\StabilityMatrix-win-x64\Data\Packages\ComfyUI\output\benchmark_rotations_clean_v1_steps7\renders\P01_s3141592_baseline_00001_.png,benchmark_rotations_clean_v1_steps7/renders,not recorded,2026-09-22T02:24:11.176031
65,P01,52e5b19ca6,3141592,scrA_neg,scrA_neg_d060,0.06,-31.7657,0.059995,krea2_turbo_bf16.safetensors,not recorded,qwen_image_vae.safetensors,qwen3vl_4b_bf16.safetensors,ArthemyKrea2ModelScrambleRotator,not recorded,Default,euler_ancestral,7,1.0,simple,1.0,1024,1280,C:\StabilityMatrix-win-x64\Data\Packages\ComfyUI\output\benchmark_rotations_clean_v1_steps7\renders\P01_s3141592_scrA_neg_d060_00001_.png,C:\StabilityMatrix-win-x64\Data\Packages\ComfyUI\output\benchmark_rotations_clean_v1_steps7\renders\P01_s3141592_baseline_00001_.png,benchmark_rotations_clean_v1_steps7/renders,not recorded,2026-09-22T03:06:56.128557
66,P01,52e5b19ca6,3141592,scrA_pos,scrA_pos_d030,0.03,15.7296,0.03,krea2_turbo_bf16.safetensors,not recorded,qwen_image_vae.safetensors,qwen3vl_4b_bf16.safetensors,ArthemyKrea2ModelScrambleRotator,not recorded,Default,euler_ancestral,7,1.0,simple,1.0,1024,1280,C:\StabilityMatrix-win-x64\Data\Packages\ComfyUI\output\benchmark_rotations_clean_v1_steps7\renders\P01_s3141592_scrA_pos_d030_00001_.png,C:\StabilityMatrix-win-x64\Data\Packages\ComfyUI\output\benchmark_rotations_clean_v1_steps7\renders\P01_s3141592_baseline_00001_.png,benchmark_rotations_clean_v1_steps7/renders,not recorded,2026-09-22T02:53:45.254008
67,P01,52e5b19ca6,3141592,scrA_pos,scrA_pos_d045,0.045001,23.69,0.045001,krea2_turbo_bf16.safetensors,not recorded,qwen_image_vae.safetensors,qwen3vl_4b_bf16.safetensors,ArthemyKrea2ModelScrambleRotator,not recorded,Default,euler_ancestral,7,1.0,simple,1.0,1024,1280,C:\StabilityMatrix-win-x64\Data\Packages\ComfyUI\output\benchmark_rotations_clean_v1_steps7\renders\P01_s3141592_scrA_pos_d045_00001_.png,C:\StabilityMatrix-win-x64\Data\Packages\ComfyUI\output\benchmark_rotations_clean_v1_steps7\renders\P01_s3141592_baseline_00001_.png,benchmark_rotations_clean_v1_steps7/renders,not recorded,2026-09-22T02:21:29.447288
68,P01,52e5b19ca6,3141592,scrA_pos,scrA_pos_d060,0.06,31.7657,0.059995,krea2_turbo_bf16.safetensors,not recorded,qwen_image_vae.safetensors,qwen3vl_4b_bf16.safetensors,ArthemyKrea2ModelScrambleRotator,not recorded,Default,euler_ancestral,7,1.0,simple,1.0,1024,1280,C:\StabilityMatrix-win-x64\Data\Packages\ComfyUI\output\benchmark_rotations_clean_v1_steps7\renders\P01_s3141592_scrA_pos_d060_00001_.png,C:\StabilityMatrix-win-x64\Data\Packages\ComfyUI\output\benchmark_rotations_clean_v1_steps7\renders\P01_s3141592_baseline_00001_.png,benchmark_rotations_clean_v1_steps7/renders,not recorded,2026-09-22T03:04:17.993247
69,P01,52e5b19ca6,3141592,scrB_neg,scrB_neg_d030,0.03,-21.3119,0.029999,krea2_turbo_bf16.safetensors,not recorded,qwen_image_vae.safetensors,qwen3vl_4b_bf16.safetensors,ArthemyKrea2ModelScrambleRotator,not recorded,Default,euler_ancestral,7,1.0,simple,1.0,1024,1280,C:\StabilityMatrix-win-x64\Data\Packages\ComfyUI\output\benchmark_rotations_clean_v1_steps7\renders\P01_s3141592_scrB_neg_d030_00001_.png,C:\StabilityMatrix-win-x64\Data\Packages\ComfyUI\output\benchmark_rotations_clean_v1_steps7\renders\P01_s3141592_baseline_00001_.png,benchmark_rotations_clean_v1_steps7/renders,not recorded,2026-09-22T03:01:40.015105
70,P01,52e5b19ca6,3141592,scrB_neg,scrB_neg_d045,0.045001,-32.21,0.045001,krea2_turbo_bf16.safetensors,not recorded,qwen_image_vae.safetensors,qwen3vl_4b_bf16.safetensors,ArthemyKrea2ModelScrambleRotator,not recorded,Default,euler_ancestral,7,1.0,simple,1.0,1024,1280,C:\StabilityMatrix-win-x64\Data\Packages\ComfyUI\output\benchmark_rotations_clean_v1_steps7\renders\P01_s3141592_scrB_neg_d045_00001_.png,C:\StabilityMatrix-win-x64\Data\Packages\ComfyUI\output\benchmark_rotations_clean_v1_steps7\renders\P01_s3141592_baseline_00001_.png,benchmark_rotations_clean_v1_steps7/renders,not recorded,2026-09-22T02:29:32.903651
71,P01,52e5b19ca6,3141592,scrB_neg,scrB_neg_d060,0.06,-43.405426,0.059995,krea2_turbo_bf16.safetensors,not recorded,qwen_image_vae.safetensors,qwen3vl_4b_bf16.safetensors,ArthemyKrea2ModelScrambleRotator,not recorded,Default,euler_ancestral,7,1.0,simple,1.0,1024,1280,C:\StabilityMatrix-win-x64\Data\Packages\ComfyUI\output\benchmark_rotations_clean_v1_steps7\renders\P01_s3141592_scrB_neg_d060_00001_.png,C:\StabilityMatrix-win-x64\Data\Packages\ComfyUI\output\benchmark_rotations_clean_v1_steps7\renders\P01_s3141592_baseline_00001_.png,benchmark_rotations_clean_v1_steps7/renders,not recorded,2026-09-22T03:12:10.747840
72,P01,52e5b19ca6,3141592,scrB_pos,scrB_pos_d030,0.03,21.3119,0.029999,krea2_turbo_bf16.safetensors,not recorded,qwen_image_vae.safetensors,qwen3vl_4b_bf16.safetensors,ArthemyKrea2ModelScrambleRotator,not recorded,Default,euler_ancestral,7,1.0,simple,1.0,1024,1280,C:\StabilityMatrix-win-x64\Data\Packages\ComfyUI\output\benchmark_rotations_clean_v1_steps7\renders\P01_s3141592_scrB_pos_d030_00001_.png,C:\StabilityMatrix-win-x64\Data\Packages\ComfyUI\output\benchmark_rotations_clean_v1_steps7\renders\P01_s3141592_baseline_00001_.png,benchmark_rotations_clean_v1_steps7/renders,not recorded,2026-09-22T02:59:02.987909
73,P01,52e5b19ca6,3141592,scrB_pos,scrB_pos_d045,0.045001,32.21,0.045001,krea2_turbo_bf16.safetensors,not recorded,qwen_image_vae.safetensors,qwen3vl_4b_bf16.safetensors,ArthemyKrea2ModelScrambleRotator,not recorded,Default,euler_ancestral,7,1.0,simple,1.0,1024,1280,C:\StabilityMatrix-win-x64\Data\Packages\ComfyUI\output\benchmark_rotations_clean_v1_steps7\renders\P01_s3141592_scrB_pos_d045_00001_.png,C:\StabilityMatrix-win-x64\Data\Packages\ComfyUI\output\benchmark_rotations_clean_v1_steps7\renders\P01_s3141592_baseline_00001_.png,benchmark_rotations_clean_v1_steps7/renders,not recorded,2026-09-22T02:26:52.023034
74,P01,52e5b19ca6,3141592,scrB_pos,scrB_pos_d060,0.06,43.405426,0.059995,krea2_turbo_bf16.safetensors,not recorded,qwen_image_vae.safetensors,qwen3vl_4b_bf16.safetensors,ArthemyKrea2ModelScrambleRotator,not recorded,Default,euler_ancestral,7,1.0,simple,1.0,1024,1280,C:\StabilityMatrix-win-x64\Data\Packages\ComfyUI\output\benchmark_rotations_clean_v1_steps7\renders\P01_s3141592_scrB_pos_d060_00001_.png,C:\StabilityMatrix-win-x64\Data\Packages\ComfyUI\output\benchmark_rotations_clean_v1_steps7\renders\P01_s3141592_baseline_00001_.png,benchmark_rotations_clean_v1_steps7/renders,not recorded,2026-09-22T03:09:33.464707
75,P02,7919c95fcf,1618033,B1_neg,B1_neg_d030,0.03,-15.7296,0.03,krea2_turbo_bf16.safetensors,not recorded,qwen_image_vae.safetensors,qwen3vl_4b_bf16.safetensors,ArthemyKrea2ModelRotator,not recorded,Default,euler_ancestral,7,1.0,simple,1.0,1024,1280,C:\StabilityMatrix-win-x64\Data\Packages\ComfyUI\output\benchmark_rotations_clean_v1_steps7\renders\P02_s1618033_B1_neg_d030_00001_.png,C:\StabilityMatrix-win-x64\Data\Packages\ComfyUI\output\benchmark_rotations_clean_v1_steps7\renders\P02_s1618033_baseline_00001_.png,benchmark_rotations_clean_v1_steps7/renders,not recorded,2026-09-22T02:36:40.899593
76,P02,7919c95fcf,1618033,B1_neg,B1_neg_d045,0.045001,-23.69,0.045002,krea2_turbo_bf16.safetensors,not recorded,qwen_image_vae.safetensors,qwen3vl_4b_bf16.safetensors,ArthemyKrea2ModelRotator,not recorded,Default,euler_ancestral,7,1.0,simple,1.0,1024,1280,C:\StabilityMatrix-win-x64\Data\Packages\ComfyUI\output\benchmark_rotations_clean_v1_steps7\renders\P02_s1618033_B1_neg_d045_00001_.png,C:\StabilityMatrix-win-x64\Data\Packages\ComfyUI\output\benchmark_rotations_clean_v1_steps7\renders\P02_s1618033_baseline_00001_.png,benchmark_rotations_clean_v1_steps7/renders,not recorded,2026-09-22T02:15:10.835496
77,P02,7919c95fcf,1618033,B1_neg,B1_neg_d060,0.06,-31.7657,0.059995,krea2_turbo_bf16.safetensors,not recorded,qwen_image_vae.safetensors,qwen3vl_4b_bf16.safetensors,ArthemyKrea2ModelRotator,not recorded,Default,euler_ancestral,7,1.0,simple,1.0,1024,1280,C:\StabilityMatrix-win-x64\Data\Packages\ComfyUI\output\benchmark_rotations_clean_v1_steps7\renders\P02_s1618033_B1_neg_d060_00001_.png,C:\StabilityMatrix-win-x64\Data\Packages\ComfyUI\output\benchmark_rotations_clean_v1_steps7\renders\P02_s1618033_baseline_00001_.png,benchmark_rotations_clean_v1_steps7/renders,not recorded,2026-09-22T02:47:26.157080
78,P02,7919c95fcf,1618033,B1_pos,B1_pos_d030,0.03,15.7296,0.03,krea2_turbo_bf16.safetensors,not recorded,qwen_image_vae.safetensors,qwen3vl_4b_bf16.safetensors,ArthemyKrea2ModelRotator,not recorded,Default,euler_ancestral,7,1.0,simple,1.0,1024,1280,C:\StabilityMatrix-win-x64\Data\Packages\ComfyUI\output\benchmark_rotations_clean_v1_steps7\renders\P02_s1618033_B1_pos_d030_00001_.png,C:\StabilityMatrix-win-x64\Data\Packages\ComfyUI\output\benchmark_rotations_clean_v1_steps7\renders\P02_s1618033_baseline_00001_.png,benchmark_rotations_clean_v1_steps7/renders,not recorded,2026-09-22T02:33:59.131971
79,P02,7919c95fcf,1618033,B1_pos,B1_pos_d045,0.045001,23.69,0.045002,krea2_turbo_bf16.safetensors,not recorded,qwen_image_vae.safetensors,qwen3vl_4b_bf16.safetensors,ArthemyKrea2ModelRotator,not recorded,Default,euler_ancestral,7,1.0,simple,1.0,1024,1280,C:\StabilityMatrix-win-x64\Data\Packages\ComfyUI\output\benchmark_rotations_clean_v1_steps7\renders\P02_s1618033_B1_pos_d045_00001_.png,C:\StabilityMatrix-win-x64\Data\Packages\ComfyUI\output\benchmark_rotations_clean_v1_steps7\renders\P02_s1618033_baseline_00001_.png,benchmark_rotations_clean_v1_steps7/renders,not recorded,2026-09-22T02:12:28.954674
80,P02,7919c95fcf,1618033,B1_pos,B1_pos_d060,0.06,31.7657,0.059995,krea2_turbo_bf16.safetensors,not recorded,qwen_image_vae.safetensors,qwen3vl_4b_bf16.safetensors,ArthemyKrea2ModelRotator,not recorded,Default,euler_ancestral,7,1.0,simple,1.0,1024,1280,C:\StabilityMatrix-win-x64\Data\Packages\ComfyUI\output\benchmark_rotations_clean_v1_steps7\renders\P02_s1618033_B1_pos_d060_00001_.png,C:\StabilityMatrix-win-x64\Data\Packages\ComfyUI\output\benchmark_rotations_clean_v1_steps7\renders\P02_s1618033_baseline_00001_.png,benchmark_rotations_clean_v1_steps7/renders,not recorded,2026-09-22T02:44:44.294374
81,P02,7919c95fcf,1618033,B6_neg,B6_neg_d030,0.03,-21.3119,0.029999,krea2_turbo_bf16.safetensors,not recorded,qwen_image_vae.safetensors,qwen3vl_4b_bf16.safetensors,ArthemyKrea2ModelRotator,not recorded,Default,euler_ancestral,7,1.0,simple,1.0,1024,1280,C:\StabilityMatrix-win-x64\Data\Packages\ComfyUI\output\benchmark_rotations_clean_v1_steps7\renders\P02_s1618033_B6_neg_d030_00001_.png,C:\StabilityMatrix-win-x64\Data\Packages\ComfyUI\output\benchmark_rotations_clean_v1_steps7\renders\P02_s1618033_baseline_00001_.png,benchmark_rotations_clean_v1_steps7/renders,not recorded,2026-09-22T02:42:02.315631
82,P02,7919c95fcf,1618033,B6_neg,B6_neg_d045,0.045001,-32.21,0.045001,krea2_turbo_bf16.safetensors,not recorded,qwen_image_vae.safetensors,qwen3vl_4b_bf16.safetensors,ArthemyKrea2ModelRotator,not recorded,Default,euler_ancestral,7,1.0,simple,1.0,1024,1280,C:\StabilityMatrix-win-x64\Data\Packages\ComfyUI\output\benchmark_rotations_clean_v1_steps7\renders\P02_s1618033_B6_neg_d045_00001_.png,C:\StabilityMatrix-win-x64\Data\Packages\ComfyUI\output\benchmark_rotations_clean_v1_steps7\renders\P02_s1618033_baseline_00001_.png,benchmark_rotations_clean_v1_steps7/renders,not recorded,2026-09-22T02:20:32.117465
83,P02,7919c95fcf,1618033,B6_neg,B6_neg_d060,0.06,-43.405426,0.059995,krea2_turbo_bf16.safetensors,not recorded,qwen_image_vae.safetensors,qwen3vl_4b_bf16.safetensors,ArthemyKrea2ModelRotator,not recorded,Default,euler_ancestral,7,1.0,simple,1.0,1024,1280,C:\StabilityMatrix-win-x64\Data\Packages\ComfyUI\output\benchmark_rotations_clean_v1_steps7\renders\P02_s1618033_B6_neg_d060_00001_.png,C:\StabilityMatrix-win-x64\Data\Packages\ComfyUI\output\benchmark_rotations_clean_v1_steps7\renders\P02_s1618033_baseline_00001_.png,benchmark_rotations_clean_v1_steps7/renders,not recorded,2026-09-22T02:52:47.873137
84,P02,7919c95fcf,1618033,B6_pos,B6_pos_d030,0.03,21.3119,0.029999,krea2_turbo_bf16.safetensors,not recorded,qwen_image_vae.safetensors,qwen3vl_4b_bf16.safetensors,ArthemyKrea2ModelRotator,not recorded,Default,euler_ancestral,7,1.0,simple,1.0,1024,1280,C:\StabilityMatrix-win-x64\Data\Packages\ComfyUI\output\benchmark_rotations_clean_v1_steps7\renders\P02_s1618033_B6_pos_d030_00001_.png,C:\StabilityMatrix-win-x64\Data\Packages\ComfyUI\output\benchmark_rotations_clean_v1_steps7\renders\P02_s1618033_baseline_00001_.png,benchmark_rotations_clean_v1_steps7/renders,not recorded,2026-09-22T02:39:21.620567
85,P02,7919c95fcf,1618033,B6_pos,B6_pos_d045,0.045001,32.21,0.045001,krea2_turbo_bf16.safetensors,not recorded,qwen_image_vae.safetensors,qwen3vl_4b_bf16.safetensors,ArthemyKrea2ModelRotator,not recorded,Default,euler_ancestral,7,1.0,simple,1.0,1024,1280,C:\StabilityMatrix-win-x64\Data\Packages\ComfyUI\output\benchmark_rotations_clean_v1_steps7\renders\P02_s1618033_B6_pos_d045_00001_.png,C:\StabilityMatrix-win-x64\Data\Packages\ComfyUI\output\benchmark_rotations_clean_v1_steps7\renders\P02_s1618033_baseline_00001_.png,benchmark_rotations_clean_v1_steps7/renders,not recorded,2026-09-22T02:17:51.294737
86,P02,7919c95fcf,1618033,B6_pos,B6_pos_d060,0.06,43.405426,0.059995,krea2_turbo_bf16.safetensors,not recorded,qwen_image_vae.safetensors,qwen3vl_4b_bf16.safetensors,ArthemyKrea2ModelRotator,not recorded,Default,euler_ancestral,7,1.0,simple,1.0,1024,1280,C:\StabilityMatrix-win-x64\Data\Packages\ComfyUI\output\benchmark_rotations_clean_v1_steps7\renders\P02_s1618033_B6_pos_d060_00001_.png,C:\StabilityMatrix-win-x64\Data\Packages\ComfyUI\output\benchmark_rotations_clean_v1_steps7\renders\P02_s1618033_baseline_00001_.png,benchmark_rotations_clean_v1_steps7/renders,not recorded,2026-09-22T02:50:07.040473
87,P02,7919c95fcf,1618033,baseline,baseline,0.0,0.0,0.0,krea2_turbo_bf16.safetensors,not recorded,qwen_image_vae.safetensors,qwen3vl_4b_bf16.safetensors,none,not recorded,none,euler_ancestral,7,1.0,simple,1.0,1024,1280,C:\StabilityMatrix-win-x64\Data\Packages\ComfyUI\output\benchmark_rotations_clean_v1_steps7\renders\P02_s1618033_baseline_00001_.png,C:\StabilityMatrix-win-x64\Data\Packages\ComfyUI\output\benchmark_rotations_clean_v1_steps7\renders\P02_s1618033_baseline_00001_.png,benchmark_rotations_clean_v1_steps7/renders,not recorded,2026-09-22T02:09:47.189372
88,P02,7919c95fcf,1618033,scrA_neg,scrA_neg_d030,0.03,-15.7296,0.03,krea2_turbo_bf16.safetensors,not recorded,qwen_image_vae.safetensors,qwen3vl_4b_bf16.safetensors,ArthemyKrea2ModelScrambleRotator,not recorded,Default,euler_ancestral,7,1.0,simple,1.0,1024,1280,C:\StabilityMatrix-win-x64\Data\Packages\ComfyUI\output\benchmark_rotations_clean_v1_steps7\renders\P02_s1618033_scrA_neg_d030_00001_.png,C:\StabilityMatrix-win-x64\Data\Packages\ComfyUI\output\benchmark_rotations_clean_v1_steps7\renders\P02_s1618033_baseline_00001_.png,benchmark_rotations_clean_v1_steps7/renders,not recorded,2026-09-22T02:58:07.871037
89,P02,7919c95fcf,1618033,scrA_neg,scrA_neg_d045,0.045001,-23.69,0.045001,krea2_turbo_bf16.safetensors,not recorded,qwen_image_vae.safetensors,qwen3vl_4b_bf16.safetensors,ArthemyKrea2ModelScrambleRotator,not recorded,Default,euler_ancestral,7,1.0,simple,1.0,1024,1280,C:\StabilityMatrix-win-x64\Data\Packages\ComfyUI\output\benchmark_rotations_clean_v1_steps7\renders\P02_s1618033_scrA_neg_d045_00001_.png,C:\StabilityMatrix-win-x64\Data\Packages\ComfyUI\output\benchmark_rotations_clean_v1_steps7\renders\P02_s1618033_baseline_00001_.png,benchmark_rotations_clean_v1_steps7/renders,not recorded,2026-09-22T02:25:55.587222
90,P02,7919c95fcf,1618033,scrA_neg,scrA_neg_d060,0.06,-31.7657,0.059995,krea2_turbo_bf16.safetensors,not recorded,qwen_image_vae.safetensors,qwen3vl_4b_bf16.safetensors,ArthemyKrea2ModelScrambleRotator,not recorded,Default,euler_ancestral,7,1.0,simple,1.0,1024,1280,C:\StabilityMatrix-win-x64\Data\Packages\ComfyUI\output\benchmark_rotations_clean_v1_steps7\renders\P02_s1618033_scrA_neg_d060_00001_.png,C:\StabilityMatrix-win-x64\Data\Packages\ComfyUI\output\benchmark_rotations_clean_v1_steps7\renders\P02_s1618033_baseline_00001_.png,benchmark_rotations_clean_v1_steps7/renders,not recorded,2026-09-22T03:08:38.240660
91,P02,7919c95fcf,1618033,scrA_pos,scrA_pos_d030,0.03,15.7296,0.03,krea2_turbo_bf16.safetensors,not recorded,qwen_image_vae.safetensors,qwen3vl_4b_bf16.safetensors,ArthemyKrea2ModelScrambleRotator,not recorded,Default,euler_ancestral,7,1.0,simple,1.0,1024,1280,C:\StabilityMatrix-win-x64\Data\Packages\ComfyUI\output\benchmark_rotations_clean_v1_steps7\renders\P02_s1618033_scrA_pos_d030_00001_.png,C:\StabilityMatrix-win-x64\Data\Packages\ComfyUI\output\benchmark_rotations_clean_v1_steps7\renders\P02_s1618033_baseline_00001_.png,benchmark_rotations_clean_v1_steps7/renders,not recorded,2026-09-22T02:55:29.562820
92,P02,7919c95fcf,1618033,scrA_pos,scrA_pos_d045,0.045001,23.69,0.045001,krea2_turbo_bf16.safetensors,not recorded,qwen_image_vae.safetensors,qwen3vl_4b_bf16.safetensors,ArthemyKrea2ModelScrambleRotator,not recorded,Default,euler_ancestral,7,1.0,simple,1.0,1024,1280,C:\StabilityMatrix-win-x64\Data\Packages\ComfyUI\output\benchmark_rotations_clean_v1_steps7\renders\P02_s1618033_scrA_pos_d045_00001_.png,C:\StabilityMatrix-win-x64\Data\Packages\ComfyUI\output\benchmark_rotations_clean_v1_steps7\renders\P02_s1618033_baseline_00001_.png,benchmark_rotations_clean_v1_steps7/renders,not recorded,2026-09-22T02:23:13.829306
93,P02,7919c95fcf,1618033,scrA_pos,scrA_pos_d060,0.06,31.7657,0.059995,krea2_turbo_bf16.safetensors,not recorded,qwen_image_vae.safetensors,qwen3vl_4b_bf16.safetensors,ArthemyKrea2ModelScrambleRotator,not recorded,Default,euler_ancestral,7,1.0,simple,1.0,1024,1280,C:\StabilityMatrix-win-x64\Data\Packages\ComfyUI\output\benchmark_rotations_clean_v1_steps7\renders\P02_s1618033_scrA_pos_d060_00001_.png,C:\StabilityMatrix-win-x64\Data\Packages\ComfyUI\output\benchmark_rotations_clean_v1_steps7\renders\P02_s1618033_baseline_00001_.png,benchmark_rotations_clean_v1_steps7/renders,not recorded,2026-09-22T03:06:00.063893
94,P02,7919c95fcf,1618033,scrB_neg,scrB_neg_d030,0.03,-21.3119,0.029999,krea2_turbo_bf16.safetensors,not recorded,qwen_image_vae.safetensors,qwen3vl_4b_bf16.safetensors,ArthemyKrea2ModelScrambleRotator,not recorded,Default,euler_ancestral,7,1.0,simple,1.0,1024,1280,C:\StabilityMatrix-win-x64\Data\Packages\ComfyUI\output\benchmark_rotations_clean_v1_steps7\renders\P02_s1618033_scrB_neg_d030_00001_.png,C:\StabilityMatrix-win-x64\Data\Packages\ComfyUI\output\benchmark_rotations_clean_v1_steps7\renders\P02_s1618033_baseline_00001_.png,benchmark_rotations_clean_v1_steps7/renders,not recorded,2026-09-22T03:03:21.923278
95,P02,7919c95fcf,1618033,scrB_neg,scrB_neg_d045,0.045001,-32.21,0.045001,krea2_turbo_bf16.safetensors,not recorded,qwen_image_vae.safetensors,qwen3vl_4b_bf16.safetensors,ArthemyKrea2ModelScrambleRotator,not recorded,Default,euler_ancestral,7,1.0,simple,1.0,1024,1280,C:\StabilityMatrix-win-x64\Data\Packages\ComfyUI\output\benchmark_rotations_clean_v1_steps7\renders\P02_s1618033_scrB_neg_d045_00001_.png,C:\StabilityMatrix-win-x64\Data\Packages\ComfyUI\output\benchmark_rotations_clean_v1_steps7\renders\P02_s1618033_baseline_00001_.png,benchmark_rotations_clean_v1_steps7/renders,not recorded,2026-09-22T02:31:17.234377
96,P02,7919c95fcf,1618033,scrB_neg,scrB_neg_d060,0.06,-43.405426,0.059995,krea2_turbo_bf16.safetensors,not recorded,qwen_image_vae.safetensors,qwen3vl_4b_bf16.safetensors,ArthemyKrea2ModelScrambleRotator,not recorded,Default,euler_ancestral,7,1.0,simple,1.0,1024,1280,C:\StabilityMatrix-win-x64\Data\Packages\ComfyUI\output\benchmark_rotations_clean_v1_steps7\renders\P02_s1618033_scrB_neg_d060_00001_.png,C:\StabilityMatrix-win-x64\Data\Packages\ComfyUI\output\benchmark_rotations_clean_v1_steps7\renders\P02_s1618033_baseline_00001_.png,benchmark_rotations_clean_v1_steps7/renders,not recorded,2026-09-22T03:13:52.758842
97,P02,7919c95fcf,1618033,scrB_pos,scrB_pos_d030,0.03,21.3119,0.029999,krea2_turbo_bf16.safetensors,not recorded,qwen_image_vae.safetensors,qwen3vl_4b_bf16.safetensors,ArthemyKrea2ModelScrambleRotator,not recorded,Default,euler_ancestral,7,1.0,simple,1.0,1024,1280,C:\StabilityMatrix-win-x64\Data\Packages\ComfyUI\output\benchmark_rotations_clean_v1_steps7\renders\P02_s1618033_scrB_pos_d030_00001_.png,C:\StabilityMatrix-win-x64\Data\Packages\ComfyUI\output\benchmark_rotations_clean_v1_steps7\renders\P02_s1618033_baseline_00001_.png,benchmark_rotations_clean_v1_steps7/renders,not recorded,2026-09-22T03:00:44.856257
98,P02,7919c95fcf,1618033,scrB_pos,scrB_pos_d045,0.045001,32.21,0.045001,krea2_turbo_bf16.safetensors,not recorded,qwen_image_vae.safetensors,qwen3vl_4b_bf16.safetensors,ArthemyKrea2ModelScrambleRotator,not recorded,Default,euler_ancestral,7,1.0,simple,1.0,1024,1280,C:\StabilityMatrix-win-x64\Data\Packages\ComfyUI\output\benchmark_rotations_clean_v1_steps7\renders\P02_s1618033_scrB_pos_d045_00001_.png,C:\StabilityMatrix-win-x64\Data\Packages\ComfyUI\output\benchmark_rotations_clean_v1_steps7\renders\P02_s1618033_baseline_00001_.png,benchmark_rotations_clean_v1_steps7/renders,not recorded,2026-09-22T02:28:36.417565
99,P02,7919c95fcf,1618033,scrB_pos,scrB_pos_d060,0.06,43.405426,0.059995,krea2_turbo_bf16.safetensors,not recorded,qwen_image_vae.safetensors,qwen3vl_4b_bf16.safetensors,ArthemyKrea2ModelScrambleRotator,not recorded,Default,euler_ancestral,7,1.0,simple,1.0,1024,1280,C:\StabilityMatrix-win-x64\Data\Packages\ComfyUI\output\benchmark_rotations_clean_v1_steps7\renders\P02_s1618033_scrB_pos_d060_00001_.png,C:\StabilityMatrix-win-x64\Data\Packages\ComfyUI\output\benchmark_rotations_clean_v1_steps7\renders\P02_s1618033_baseline_00001_.png,benchmark_rotations_clean_v1_steps7/renders,not recorded,2026-09-22T03:11:15.438913
100,P02,7919c95fcf,2718281,B1_neg,B1_neg_d030,0.03,-15.7296,0.03,krea2_turbo_bf16.safetensors,not recorded,qwen_image_vae.safetensors,qwen3vl_4b_bf16.safetensors,ArthemyKrea2ModelRotator,not recorded,Default,euler_ancestral,7,1.0,simple,1.0,1024,1280,C:\StabilityMatrix-win-x64\Data\Packages\ComfyUI\output\benchmark_rotations_clean_v1_steps7\renders\P02_s2718281_B1_neg_d030_00001_.png,C:\StabilityMatrix-win-x64\Data\Packages\ComfyUI\output\benchmark_rotations_clean_v1_steps7\renders\P02_s2718281_baseline_00001_.png,benchmark_rotations_clean_v1_steps7/renders,not recorded,2026-09-22T02:35:49.247252
101,P02,7919c95fcf,2718281,B1_neg,B1_neg_d045,0.045001,-23.69,0.045002,krea2_turbo_bf16.safetensors,not recorded,qwen_image_vae.safetensors,qwen3vl_4b_bf16.safetensors,ArthemyKrea2ModelRotator,not recorded,Default,euler_ancestral,7,1.0,simple,1.0,1024,1280,C:\StabilityMatrix-win-x64\Data\Packages\ComfyUI\output\benchmark_rotations_clean_v1_steps7\renders\P02_s2718281_B1_neg_d045_00001_.png,C:\StabilityMatrix-win-x64\Data\Packages\ComfyUI\output\benchmark_rotations_clean_v1_steps7\renders\P02_s2718281_baseline_00001_.png,benchmark_rotations_clean_v1_steps7/renders,not recorded,2026-09-22T02:14:19.198386
102,P02,7919c95fcf,2718281,B1_neg,B1_neg_d060,0.06,-31.7657,0.059995,krea2_turbo_bf16.safetensors,not recorded,qwen_image_vae.safetensors,qwen3vl_4b_bf16.safetensors,ArthemyKrea2ModelRotator,not recorded,Default,euler_ancestral,7,1.0,simple,1.0,1024,1280,C:\StabilityMatrix-win-x64\Data\Packages\ComfyUI\output\benchmark_rotations_clean_v1_steps7\renders\P02_s2718281_B1_neg_d060_00001_.png,C:\StabilityMatrix-win-x64\Data\Packages\ComfyUI\output\benchmark_rotations_clean_v1_steps7\renders\P02_s2718281_baseline_00001_.png,benchmark_rotations_clean_v1_steps7/renders,not recorded,2026-09-22T02:46:34.485358
103,P02,7919c95fcf,2718281,B1_pos,B1_pos_d030,0.03,15.7296,0.03,krea2_turbo_bf16.safetensors,not recorded,qwen_image_vae.safetensors,qwen3vl_4b_bf16.safetensors,ArthemyKrea2ModelRotator,not recorded,Default,euler_ancestral,7,1.0,simple,1.0,1024,1280,C:\StabilityMatrix-win-x64\Data\Packages\ComfyUI\output\benchmark_rotations_clean_v1_steps7\renders\P02_s2718281_B1_pos_d030_00001_.png,C:\StabilityMatrix-win-x64\Data\Packages\ComfyUI\output\benchmark_rotations_clean_v1_steps7\renders\P02_s2718281_baseline_00001_.png,benchmark_rotations_clean_v1_steps7/renders,not recorded,2026-09-22T02:33:07.491776
104,P02,7919c95fcf,2718281,B1_pos,B1_pos_d045,0.045001,23.69,0.045002,krea2_turbo_bf16.safetensors,not recorded,qwen_image_vae.safetensors,qwen3vl_4b_bf16.safetensors,ArthemyKrea2ModelRotator,not recorded,Default,euler_ancestral,7,1.0,simple,1.0,1024,1280,C:\StabilityMatrix-win-x64\Data\Packages\ComfyUI\output\benchmark_rotations_clean_v1_steps7\renders\P02_s2718281_B1_pos_d045_00001_.png,C:\StabilityMatrix-win-x64\Data\Packages\ComfyUI\output\benchmark_rotations_clean_v1_steps7\renders\P02_s2718281_baseline_00001_.png,benchmark_rotations_clean_v1_steps7/renders,not recorded,2026-09-22T02:11:37.341154
105,P02,7919c95fcf,2718281,B1_pos,B1_pos_d060,0.06,31.7657,0.059995,krea2_turbo_bf16.safetensors,not recorded,qwen_image_vae.safetensors,qwen3vl_4b_bf16.safetensors,ArthemyKrea2ModelRotator,not recorded,Default,euler_ancestral,7,1.0,simple,1.0,1024,1280,C:\StabilityMatrix-win-x64\Data\Packages\ComfyUI\output\benchmark_rotations_clean_v1_steps7\renders\P02_s2718281_B1_pos_d060_00001_.png,C:\StabilityMatrix-win-x64\Data\Packages\ComfyUI\output\benchmark_rotations_clean_v1_steps7\renders\P02_s2718281_baseline_00001_.png,benchmark_rotations_clean_v1_steps7/renders,not recorded,2026-09-22T02:43:52.584326
106,P02,7919c95fcf,2718281,B6_neg,B6_neg_d030,0.03,-21.3119,0.029999,krea2_turbo_bf16.safetensors,not recorded,qwen_image_vae.safetensors,qwen3vl_4b_bf16.safetensors,ArthemyKrea2ModelRotator,not recorded,Default,euler_ancestral,7,1.0,simple,1.0,1024,1280,C:\StabilityMatrix-win-x64\Data\Packages\ComfyUI\output\benchmark_rotations_clean_v1_steps7\renders\P02_s2718281_B6_neg_d030_00001_.png,C:\StabilityMatrix-win-x64\Data\Packages\ComfyUI\output\benchmark_rotations_clean_v1_steps7\renders\P02_s2718281_baseline_00001_.png,benchmark_rotations_clean_v1_steps7/renders,not recorded,2026-09-22T02:41:10.748919
107,P02,7919c95fcf,2718281,B6_neg,B6_neg_d045,0.045001,-32.21,0.045001,krea2_turbo_bf16.safetensors,not recorded,qwen_image_vae.safetensors,qwen3vl_4b_bf16.safetensors,ArthemyKrea2ModelRotator,not recorded,Default,euler_ancestral,7,1.0,simple,1.0,1024,1280,C:\StabilityMatrix-win-x64\Data\Packages\ComfyUI\output\benchmark_rotations_clean_v1_steps7\renders\P02_s2718281_B6_neg_d045_00001_.png,C:\StabilityMatrix-win-x64\Data\Packages\ComfyUI\output\benchmark_rotations_clean_v1_steps7\renders\P02_s2718281_baseline_00001_.png,benchmark_rotations_clean_v1_steps7/renders,not recorded,2026-09-22T02:19:40.542615
108,P02,7919c95fcf,2718281,B6_neg,B6_neg_d060,0.06,-43.405426,0.059995,krea2_turbo_bf16.safetensors,not recorded,qwen_image_vae.safetensors,qwen3vl_4b_bf16.safetensors,ArthemyKrea2ModelRotator,not recorded,Default,euler_ancestral,7,1.0,simple,1.0,1024,1280,C:\StabilityMatrix-win-x64\Data\Packages\ComfyUI\output\benchmark_rotations_clean_v1_steps7\renders\P02_s2718281_B6_neg_d060_00001_.png,C:\StabilityMatrix-win-x64\Data\Packages\ComfyUI\output\benchmark_rotations_clean_v1_steps7\renders\P02_s2718281_baseline_00001_.png,benchmark_rotations_clean_v1_steps7/renders,not recorded,2026-09-22T02:51:56.262655
109,P02,7919c95fcf,2718281,B6_pos,B6_pos_d030,0.03,21.3119,0.029999,krea2_turbo_bf16.safetensors,not recorded,qwen_image_vae.safetensors,qwen3vl_4b_bf16.safetensors,ArthemyKrea2ModelRotator,not recorded,Default,euler_ancestral,7,1.0,simple,1.0,1024,1280,C:\StabilityMatrix-win-x64\Data\Packages\ComfyUI\output\benchmark_rotations_clean_v1_steps7\renders\P02_s2718281_B6_pos_d030_00001_.png,C:\StabilityMatrix-win-x64\Data\Packages\ComfyUI\output\benchmark_rotations_clean_v1_steps7\renders\P02_s2718281_baseline_00001_.png,benchmark_rotations_clean_v1_steps7/renders,not recorded,2026-09-22T02:38:29.970474
110,P02,7919c95fcf,2718281,B6_pos,B6_pos_d045,0.045001,32.21,0.045001,krea2_turbo_bf16.safetensors,not recorded,qwen_image_vae.safetensors,qwen3vl_4b_bf16.safetensors,ArthemyKrea2ModelRotator,not recorded,Default,euler_ancestral,7,1.0,simple,1.0,1024,1280,C:\StabilityMatrix-win-x64\Data\Packages\ComfyUI\output\benchmark_rotations_clean_v1_steps7\renders\P02_s2718281_B6_pos_d045_00001_.png,C:\StabilityMatrix-win-x64\Data\Packages\ComfyUI\output\benchmark_rotations_clean_v1_steps7\renders\P02_s2718281_baseline_00001_.png,benchmark_rotations_clean_v1_steps7/renders,not recorded,2026-09-22T02:16:59.743228
111,P02,7919c95fcf,2718281,B6_pos,B6_pos_d060,0.06,43.405426,0.059995,krea2_turbo_bf16.safetensors,not recorded,qwen_image_vae.safetensors,qwen3vl_4b_bf16.safetensors,ArthemyKrea2ModelRotator,not recorded,Default,euler_ancestral,7,1.0,simple,1.0,1024,1280,C:\StabilityMatrix-win-x64\Data\Packages\ComfyUI\output\benchmark_rotations_clean_v1_steps7\renders\P02_s2718281_B6_pos_d060_00001_.png,C:\StabilityMatrix-win-x64\Data\Packages\ComfyUI\output\benchmark_rotations_clean_v1_steps7\renders\P02_s2718281_baseline_00001_.png,benchmark_rotations_clean_v1_steps7/renders,not recorded,2026-09-22T02:49:15.366923
112,P02,7919c95fcf,2718281,baseline,baseline,0.0,0.0,0.0,krea2_turbo_bf16.safetensors,not recorded,qwen_image_vae.safetensors,qwen3vl_4b_bf16.safetensors,none,not recorded,none,euler_ancestral,7,1.0,simple,1.0,1024,1280,C:\StabilityMatrix-win-x64\Data\Packages\ComfyUI\output\benchmark_rotations_clean_v1_steps7\renders\P02_s2718281_baseline_00001_.png,C:\StabilityMatrix-win-x64\Data\Packages\ComfyUI\output\benchmark_rotations_clean_v1_steps7\renders\P02_s2718281_baseline_00001_.png,benchmark_rotations_clean_v1_steps7/renders,not recorded,2026-09-22T02:08:55.891813
113,P02,7919c95fcf,2718281,scrA_neg,scrA_neg_d030,0.03,-15.7296,0.03,krea2_turbo_bf16.safetensors,not recorded,qwen_image_vae.safetensors,qwen3vl_4b_bf16.safetensors,ArthemyKrea2ModelScrambleRotator,not recorded,Default,euler_ancestral,7,1.0,simple,1.0,1024,1280,C:\StabilityMatrix-win-x64\Data\Packages\ComfyUI\output\benchmark_rotations_clean_v1_steps7\renders\P02_s2718281_scrA_neg_d030_00001_.png,C:\StabilityMatrix-win-x64\Data\Packages\ComfyUI\output\benchmark_rotations_clean_v1_steps7\renders\P02_s2718281_baseline_00001_.png,benchmark_rotations_clean_v1_steps7/renders,not recorded,2026-09-22T02:57:17.380256
114,P02,7919c95fcf,2718281,scrA_neg,scrA_neg_d045,0.045001,-23.69,0.045001,krea2_turbo_bf16.safetensors,not recorded,qwen_image_vae.safetensors,qwen3vl_4b_bf16.safetensors,ArthemyKrea2ModelScrambleRotator,not recorded,Default,euler_ancestral,7,1.0,simple,1.0,1024,1280,C:\StabilityMatrix-win-x64\Data\Packages\ComfyUI\output\benchmark_rotations_clean_v1_steps7\renders\P02_s2718281_scrA_neg_d045_00001_.png,C:\StabilityMatrix-win-x64\Data\Packages\ComfyUI\output\benchmark_rotations_clean_v1_steps7\renders\P02_s2718281_baseline_00001_.png,benchmark_rotations_clean_v1_steps7/renders,not recorded,2026-09-22T02:25:03.928092
115,P02,7919c95fcf,2718281,scrA_neg,scrA_neg_d060,0.06,-31.7657,0.059995,krea2_turbo_bf16.safetensors,not recorded,qwen_image_vae.safetensors,qwen3vl_4b_bf16.safetensors,ArthemyKrea2ModelScrambleRotator,not recorded,Default,euler_ancestral,7,1.0,simple,1.0,1024,1280,C:\StabilityMatrix-win-x64\Data\Packages\ComfyUI\output\benchmark_rotations_clean_v1_steps7\renders\P02_s2718281_scrA_neg_d060_00001_.png,C:\StabilityMatrix-win-x64\Data\Packages\ComfyUI\output\benchmark_rotations_clean_v1_steps7\renders\P02_s2718281_baseline_00001_.png,benchmark_rotations_clean_v1_steps7/renders,not recorded,2026-09-22T03:07:47.755645
116,P02,7919c95fcf,2718281,scrA_pos,scrA_pos_d030,0.03,15.7296,0.03,krea2_turbo_bf16.safetensors,not recorded,qwen_image_vae.safetensors,qwen3vl_4b_bf16.safetensors,ArthemyKrea2ModelScrambleRotator,not recorded,Default,euler_ancestral,7,1.0,simple,1.0,1024,1280,C:\StabilityMatrix-win-x64\Data\Packages\ComfyUI\output\benchmark_rotations_clean_v1_steps7\renders\P02_s2718281_scrA_pos_d030_00001_.png,C:\StabilityMatrix-win-x64\Data\Packages\ComfyUI\output\benchmark_rotations_clean_v1_steps7\renders\P02_s2718281_baseline_00001_.png,benchmark_rotations_clean_v1_steps7/renders,not recorded,2026-09-22T02:54:38.021518
117,P02,7919c95fcf,2718281,scrA_pos,scrA_pos_d045,0.045001,23.69,0.045001,krea2_turbo_bf16.safetensors,not recorded,qwen_image_vae.safetensors,qwen3vl_4b_bf16.safetensors,ArthemyKrea2ModelScrambleRotator,not recorded,Default,euler_ancestral,7,1.0,simple,1.0,1024,1280,C:\StabilityMatrix-win-x64\Data\Packages\ComfyUI\output\benchmark_rotations_clean_v1_steps7\renders\P02_s2718281_scrA_pos_d045_00001_.png,C:\StabilityMatrix-win-x64\Data\Packages\ComfyUI\output\benchmark_rotations_clean_v1_steps7\renders\P02_s2718281_baseline_00001_.png,benchmark_rotations_clean_v1_steps7/renders,not recorded,2026-09-22T02:22:22.203682
118,P02,7919c95fcf,2718281,scrA_pos,scrA_pos_d060,0.06,31.7657,0.059995,krea2_turbo_bf16.safetensors,not recorded,qwen_image_vae.safetensors,qwen3vl_4b_bf16.safetensors,ArthemyKrea2ModelScrambleRotator,not recorded,Default,euler_ancestral,7,1.0,simple,1.0,1024,1280,C:\StabilityMatrix-win-x64\Data\Packages\ComfyUI\output\benchmark_rotations_clean_v1_steps7\renders\P02_s2718281_scrA_pos_d060_00001_.png,C:\StabilityMatrix-win-x64\Data\Packages\ComfyUI\output\benchmark_rotations_clean_v1_steps7\renders\P02_s2718281_baseline_00001_.png,benchmark_rotations_clean_v1_steps7/renders,not recorded,2026-09-22T03:05:09.555770
119,P02,7919c95fcf,2718281,scrB_neg,scrB_neg_d030,0.03,-21.3119,0.029999,krea2_turbo_bf16.safetensors,not recorded,qwen_image_vae.safetensors,qwen3vl_4b_bf16.safetensors,ArthemyKrea2ModelScrambleRotator,not recorded,Default,euler_ancestral,7,1.0,simple,1.0,1024,1280,C:\StabilityMatrix-win-x64\Data\Packages\ComfyUI\output\benchmark_rotations_clean_v1_steps7\renders\P02_s2718281_scrB_neg_d030_00001_.png,C:\StabilityMatrix-win-x64\Data\Packages\ComfyUI\output\benchmark_rotations_clean_v1_steps7\renders\P02_s2718281_baseline_00001_.png,benchmark_rotations_clean_v1_steps7/renders,not recorded,2026-09-22T03:02:31.502079
120,P02,7919c95fcf,2718281,scrB_neg,scrB_neg_d045,0.045001,-32.21,0.045001,krea2_turbo_bf16.safetensors,not recorded,qwen_image_vae.safetensors,qwen3vl_4b_bf16.safetensors,ArthemyKrea2ModelScrambleRotator,not recorded,Default,euler_ancestral,7,1.0,simple,1.0,1024,1280,C:\StabilityMatrix-win-x64\Data\Packages\ComfyUI\output\benchmark_rotations_clean_v1_steps7\renders\P02_s2718281_scrB_neg_d045_00001_.png,C:\StabilityMatrix-win-x64\Data\Packages\ComfyUI\output\benchmark_rotations_clean_v1_steps7\renders\P02_s2718281_baseline_00001_.png,benchmark_rotations_clean_v1_steps7/renders,not recorded,2026-09-22T02:30:25.629804
121,P02,7919c95fcf,2718281,scrB_neg,scrB_neg_d060,0.06,-43.405426,0.059995,krea2_turbo_bf16.safetensors,not recorded,qwen_image_vae.safetensors,qwen3vl_4b_bf16.safetensors,ArthemyKrea2ModelScrambleRotator,not recorded,Default,euler_ancestral,7,1.0,simple,1.0,1024,1280,C:\StabilityMatrix-win-x64\Data\Packages\ComfyUI\output\benchmark_rotations_clean_v1_steps7\renders\P02_s2718281_scrB_neg_d060_00001_.png,C:\StabilityMatrix-win-x64\Data\Packages\ComfyUI\output\benchmark_rotations_clean_v1_steps7\renders\P02_s2718281_baseline_00001_.png,benchmark_rotations_clean_v1_steps7/renders,not recorded,2026-09-22T03:13:02.319595
122,P02,7919c95fcf,2718281,scrB_pos,scrB_pos_d030,0.03,21.3119,0.029999,krea2_turbo_bf16.safetensors,not recorded,qwen_image_vae.safetensors,qwen3vl_4b_bf16.safetensors,ArthemyKrea2ModelScrambleRotator,not recorded,Default,euler_ancestral,7,1.0,simple,1.0,1024,1280,C:\StabilityMatrix-win-x64\Data\Packages\ComfyUI\output\benchmark_rotations_clean_v1_steps7\renders\P02_s2718281_scrB_pos_d030_00001_.png,C:\StabilityMatrix-win-x64\Data\Packages\ComfyUI\output\benchmark_rotations_clean_v1_steps7\renders\P02_s2718281_baseline_00001_.png,benchmark_rotations_clean_v1_steps7/renders,not recorded,2026-09-22T02:59:54.456227
123,P02,7919c95fcf,2718281,scrB_pos,scrB_pos_d045,0.045001,32.21,0.045001,krea2_turbo_bf16.safetensors,not recorded,qwen_image_vae.safetensors,qwen3vl_4b_bf16.safetensors,ArthemyKrea2ModelScrambleRotator,not recorded,Default,euler_ancestral,7,1.0,simple,1.0,1024,1280,C:\StabilityMatrix-win-x64\Data\Packages\ComfyUI\output\benchmark_rotations_clean_v1_steps7\renders\P02_s2718281_scrB_pos_d045_00001_.png,C:\StabilityMatrix-win-x64\Data\Packages\ComfyUI\output\benchmark_rotations_clean_v1_steps7\renders\P02_s2718281_baseline_00001_.png,benchmark_rotations_clean_v1_steps7/renders,not recorded,2026-09-22T02:27:44.771729
124,P02,7919c95fcf,2718281,scrB_pos,scrB_pos_d060,0.06,43.405426,0.059995,krea2_turbo_bf16.safetensors,not recorded,qwen_image_vae.safetensors,qwen3vl_4b_bf16.safetensors,ArthemyKrea2ModelScrambleRotator,not recorded,Default,euler_ancestral,7,1.0,simple,1.0,1024,1280,C:\StabilityMatrix-win-x64\Data\Packages\ComfyUI\output\benchmark_rotations_clean_v1_steps7\renders\P02_s2718281_scrB_pos_d060_00001_.png,C:\StabilityMatrix-win-x64\Data\Packages\ComfyUI\output\benchmark_rotations_clean_v1_steps7\renders\P02_s2718281_baseline_00001_.png,benchmark_rotations_clean_v1_steps7/renders,not recorded,2026-09-22T03:10:25.044924
125,P02,7919c95fcf,3141592,B1_neg,B1_neg_d030,0.03,-15.7296,0.03,krea2_turbo_bf16.safetensors,not recorded,qwen_image_vae.safetensors,qwen3vl_4b_bf16.safetensors,ArthemyKrea2ModelRotator,not recorded,Default,euler_ancestral,7,1.0,simple,1.0,1024,1280,C:\StabilityMatrix-win-x64\Data\Packages\ComfyUI\output\benchmark_rotations_clean_v1_steps7\renders\P02_s3141592_B1_neg_d030_00001_.png,C:\StabilityMatrix-win-x64\Data\Packages\ComfyUI\output\benchmark_rotations_clean_v1_steps7\renders\P02_s3141592_baseline_00001_.png,benchmark_rotations_clean_v1_steps7/renders,not recorded,2026-09-22T02:36:15.073231
126,P02,7919c95fcf,3141592,B1_neg,B1_neg_d045,0.045001,-23.69,0.045002,krea2_turbo_bf16.safetensors,not recorded,qwen_image_vae.safetensors,qwen3vl_4b_bf16.safetensors,ArthemyKrea2ModelRotator,not recorded,Default,euler_ancestral,7,1.0,simple,1.0,1024,1280,C:\StabilityMatrix-win-x64\Data\Packages\ComfyUI\output\benchmark_rotations_clean_v1_steps7\renders\P02_s3141592_B1_neg_d045_00001_.png,C:\StabilityMatrix-win-x64\Data\Packages\ComfyUI\output\benchmark_rotations_clean_v1_steps7\renders\P02_s3141592_baseline_00001_.png,benchmark_rotations_clean_v1_steps7/renders,not recorded,2026-09-22T02:14:45.024160
127,P02,7919c95fcf,3141592,B1_neg,B1_neg_d060,0.06,-31.7657,0.059995,krea2_turbo_bf16.safetensors,not recorded,qwen_image_vae.safetensors,qwen3vl_4b_bf16.safetensors,ArthemyKrea2ModelRotator,not recorded,Default,euler_ancestral,7,1.0,simple,1.0,1024,1280,C:\StabilityMatrix-win-x64\Data\Packages\ComfyUI\output\benchmark_rotations_clean_v1_steps7\renders\P02_s3141592_B1_neg_d060_00001_.png,C:\StabilityMatrix-win-x64\Data\Packages\ComfyUI\output\benchmark_rotations_clean_v1_steps7\renders\P02_s3141592_baseline_00001_.png,benchmark_rotations_clean_v1_steps7/renders,not recorded,2026-09-22T02:47:00.299779
128,P02,7919c95fcf,3141592,B1_pos,B1_pos_d030,0.03,15.7296,0.03,krea2_turbo_bf16.safetensors,not recorded,qwen_image_vae.safetensors,qwen3vl_4b_bf16.safetensors,ArthemyKrea2ModelRotator,not recorded,Default,euler_ancestral,7,1.0,simple,1.0,1024,1280,C:\StabilityMatrix-win-x64\Data\Packages\ComfyUI\output\benchmark_rotations_clean_v1_steps7\renders\P02_s3141592_B1_pos_d030_00001_.png,C:\StabilityMatrix-win-x64\Data\Packages\ComfyUI\output\benchmark_rotations_clean_v1_steps7\renders\P02_s3141592_baseline_00001_.png,benchmark_rotations_clean_v1_steps7/renders,not recorded,2026-09-22T02:33:33.354297
129,P02,7919c95fcf,3141592,B1_pos,B1_pos_d045,0.045001,23.69,0.045002,krea2_turbo_bf16.safetensors,not recorded,qwen_image_vae.safetensors,qwen3vl_4b_bf16.safetensors,ArthemyKrea2ModelRotator,not recorded,Default,euler_ancestral,7,1.0,simple,1.0,1024,1280,C:\StabilityMatrix-win-x64\Data\Packages\ComfyUI\output\benchmark_rotations_clean_v1_steps7\renders\P02_s3141592_B1_pos_d045_00001_.png,C:\StabilityMatrix-win-x64\Data\Packages\ComfyUI\output\benchmark_rotations_clean_v1_steps7\renders\P02_s3141592_baseline_00001_.png,benchmark_rotations_clean_v1_steps7/renders,not recorded,2026-09-22T02:12:03.167097
130,P02,7919c95fcf,3141592,B1_pos,B1_pos_d060,0.06,31.7657,0.059995,krea2_turbo_bf16.safetensors,not recorded,qwen_image_vae.safetensors,qwen3vl_4b_bf16.safetensors,ArthemyKrea2ModelRotator,not recorded,Default,euler_ancestral,7,1.0,simple,1.0,1024,1280,C:\StabilityMatrix-win-x64\Data\Packages\ComfyUI\output\benchmark_rotations_clean_v1_steps7\renders\P02_s3141592_B1_pos_d060_00001_.png,C:\StabilityMatrix-win-x64\Data\Packages\ComfyUI\output\benchmark_rotations_clean_v1_steps7\renders\P02_s3141592_baseline_00001_.png,benchmark_rotations_clean_v1_steps7/renders,not recorded,2026-09-22T02:44:18.427700
131,P02,7919c95fcf,3141592,B6_neg,B6_neg_d030,0.03,-21.3119,0.029999,krea2_turbo_bf16.safetensors,not recorded,qwen_image_vae.safetensors,qwen3vl_4b_bf16.safetensors,ArthemyKrea2ModelRotator,not recorded,Default,euler_ancestral,7,1.0,simple,1.0,1024,1280,C:\StabilityMatrix-win-x64\Data\Packages\ComfyUI\output\benchmark_rotations_clean_v1_steps7\renders\P02_s3141592_B6_neg_d030_00001_.png,C:\StabilityMatrix-win-x64\Data\Packages\ComfyUI\output\benchmark_rotations_clean_v1_steps7\renders\P02_s3141592_baseline_00001_.png,benchmark_rotations_clean_v1_steps7/renders,not recorded,2026-09-22T02:41:36.531168
132,P02,7919c95fcf,3141592,B6_neg,B6_neg_d045,0.045001,-32.21,0.045001,krea2_turbo_bf16.safetensors,not recorded,qwen_image_vae.safetensors,qwen3vl_4b_bf16.safetensors,ArthemyKrea2ModelRotator,not recorded,Default,euler_ancestral,7,1.0,simple,1.0,1024,1280,C:\StabilityMatrix-win-x64\Data\Packages\ComfyUI\output\benchmark_rotations_clean_v1_steps7\renders\P02_s3141592_B6_neg_d045_00001_.png,C:\StabilityMatrix-win-x64\Data\Packages\ComfyUI\output\benchmark_rotations_clean_v1_steps7\renders\P02_s3141592_baseline_00001_.png,benchmark_rotations_clean_v1_steps7/renders,not recorded,2026-09-22T02:20:06.301649
133,P02,7919c95fcf,3141592,B6_neg,B6_neg_d060,0.06,-43.405426,0.059995,krea2_turbo_bf16.safetensors,not recorded,qwen_image_vae.safetensors,qwen3vl_4b_bf16.safetensors,ArthemyKrea2ModelRotator,not recorded,Default,euler_ancestral,7,1.0,simple,1.0,1024,1280,C:\StabilityMatrix-win-x64\Data\Packages\ComfyUI\output\benchmark_rotations_clean_v1_steps7\renders\P02_s3141592_B6_neg_d060_00001_.png,C:\StabilityMatrix-win-x64\Data\Packages\ComfyUI\output\benchmark_rotations_clean_v1_steps7\renders\P02_s3141592_baseline_00001_.png,benchmark_rotations_clean_v1_steps7/renders,not recorded,2026-09-22T02:52:22.074589
134,P02,7919c95fcf,3141592,B6_pos,B6_pos_d030,0.03,21.3119,0.029999,krea2_turbo_bf16.safetensors,not recorded,qwen_image_vae.safetensors,qwen3vl_4b_bf16.safetensors,ArthemyKrea2ModelRotator,not recorded,Default,euler_ancestral,7,1.0,simple,1.0,1024,1280,C:\StabilityMatrix-win-x64\Data\Packages\ComfyUI\output\benchmark_rotations_clean_v1_steps7\renders\P02_s3141592_B6_pos_d030_00001_.png,C:\StabilityMatrix-win-x64\Data\Packages\ComfyUI\output\benchmark_rotations_clean_v1_steps7\renders\P02_s3141592_baseline_00001_.png,benchmark_rotations_clean_v1_steps7/renders,not recorded,2026-09-22T02:38:55.796401
135,P02,7919c95fcf,3141592,B6_pos,B6_pos_d045,0.045001,32.21,0.045001,krea2_turbo_bf16.safetensors,not recorded,qwen_image_vae.safetensors,qwen3vl_4b_bf16.safetensors,ArthemyKrea2ModelRotator,not recorded,Default,euler_ancestral,7,1.0,simple,1.0,1024,1280,C:\StabilityMatrix-win-x64\Data\Packages\ComfyUI\output\benchmark_rotations_clean_v1_steps7\renders\P02_s3141592_B6_pos_d045_00001_.png,C:\StabilityMatrix-win-x64\Data\Packages\ComfyUI\output\benchmark_rotations_clean_v1_steps7\renders\P02_s3141592_baseline_00001_.png,benchmark_rotations_clean_v1_steps7/renders,not recorded,2026-09-22T02:17:25.522746
136,P02,7919c95fcf,3141592,B6_pos,B6_pos_d060,0.06,43.405426,0.059995,krea2_turbo_bf16.safetensors,not recorded,qwen_image_vae.safetensors,qwen3vl_4b_bf16.safetensors,ArthemyKrea2ModelRotator,not recorded,Default,euler_ancestral,7,1.0,simple,1.0,1024,1280,C:\StabilityMatrix-win-x64\Data\Packages\ComfyUI\output\benchmark_rotations_clean_v1_steps7\renders\P02_s3141592_B6_pos_d060_00001_.png,C:\StabilityMatrix-win-x64\Data\Packages\ComfyUI\output\benchmark_rotations_clean_v1_steps7\renders\P02_s3141592_baseline_00001_.png,benchmark_rotations_clean_v1_steps7/renders,not recorded,2026-09-22T02:49:41.216988
137,P02,7919c95fcf,3141592,baseline,baseline,0.0,0.0,0.0,krea2_turbo_bf16.safetensors,not recorded,qwen_image_vae.safetensors,qwen3vl_4b_bf16.safetensors,none,not recorded,none,euler_ancestral,7,1.0,simple,1.0,1024,1280,C:\StabilityMatrix-win-x64\Data\Packages\ComfyUI\output\benchmark_rotations_clean_v1_steps7\renders\P02_s3141592_baseline_00001_.png,C:\StabilityMatrix-win-x64\Data\Packages\ComfyUI\output\benchmark_rotations_clean_v1_steps7\renders\P02_s3141592_baseline_00001_.png,benchmark_rotations_clean_v1_steps7/renders,not recorded,2026-09-22T02:09:21.565137
138,P02,7919c95fcf,3141592,scrA_neg,scrA_neg_d030,0.03,-15.7296,0.03,krea2_turbo_bf16.safetensors,not recorded,qwen_image_vae.safetensors,qwen3vl_4b_bf16.safetensors,ArthemyKrea2ModelScrambleRotator,not recorded,Default,euler_ancestral,7,1.0,simple,1.0,1024,1280,C:\StabilityMatrix-win-x64\Data\Packages\ComfyUI\output\benchmark_rotations_clean_v1_steps7\renders\P02_s3141592_scrA_neg_d030_00001_.png,C:\StabilityMatrix-win-x64\Data\Packages\ComfyUI\output\benchmark_rotations_clean_v1_steps7\renders\P02_s3141592_baseline_00001_.png,benchmark_rotations_clean_v1_steps7/renders,not recorded,2026-09-22T02:57:42.626375
139,P02,7919c95fcf,3141592,scrA_neg,scrA_neg_d045,0.045001,-23.69,0.045001,krea2_turbo_bf16.safetensors,not recorded,qwen_image_vae.safetensors,qwen3vl_4b_bf16.safetensors,ArthemyKrea2ModelScrambleRotator,not recorded,Default,euler_ancestral,7,1.0,simple,1.0,1024,1280,C:\StabilityMatrix-win-x64\Data\Packages\ComfyUI\output\benchmark_rotations_clean_v1_steps7\renders\P02_s3141592_scrA_neg_d045_00001_.png,C:\StabilityMatrix-win-x64\Data\Packages\ComfyUI\output\benchmark_rotations_clean_v1_steps7\renders\P02_s3141592_baseline_00001_.png,benchmark_rotations_clean_v1_steps7/renders,not recorded,2026-09-22T02:25:29.740070
140,P02,7919c95fcf,3141592,scrA_neg,scrA_neg_d060,0.06,-31.7657,0.059995,krea2_turbo_bf16.safetensors,not recorded,qwen_image_vae.safetensors,qwen3vl_4b_bf16.safetensors,ArthemyKrea2ModelScrambleRotator,not recorded,Default,euler_ancestral,7,1.0,simple,1.0,1024,1280,C:\StabilityMatrix-win-x64\Data\Packages\ComfyUI\output\benchmark_rotations_clean_v1_steps7\renders\P02_s3141592_scrA_neg_d060_00001_.png,C:\StabilityMatrix-win-x64\Data\Packages\ComfyUI\output\benchmark_rotations_clean_v1_steps7\renders\P02_s3141592_baseline_00001_.png,benchmark_rotations_clean_v1_steps7/renders,not recorded,2026-09-22T03:08:12.983562
141,P02,7919c95fcf,3141592,scrA_pos,scrA_pos_d030,0.03,15.7296,0.03,krea2_turbo_bf16.safetensors,not recorded,qwen_image_vae.safetensors,qwen3vl_4b_bf16.safetensors,ArthemyKrea2ModelScrambleRotator,not recorded,Default,euler_ancestral,7,1.0,simple,1.0,1024,1280,C:\StabilityMatrix-win-x64\Data\Packages\ComfyUI\output\benchmark_rotations_clean_v1_steps7\renders\P02_s3141592_scrA_pos_d030_00001_.png,C:\StabilityMatrix-win-x64\Data\Packages\ComfyUI\output\benchmark_rotations_clean_v1_steps7\renders\P02_s3141592_baseline_00001_.png,benchmark_rotations_clean_v1_steps7/renders,not recorded,2026-09-22T02:55:03.853293
142,P02,7919c95fcf,3141592,scrA_pos,scrA_pos_d045,0.045001,23.69,0.045001,krea2_turbo_bf16.safetensors,not recorded,qwen_image_vae.safetensors,qwen3vl_4b_bf16.safetensors,ArthemyKrea2ModelScrambleRotator,not recorded,Default,euler_ancestral,7,1.0,simple,1.0,1024,1280,C:\StabilityMatrix-win-x64\Data\Packages\ComfyUI\output\benchmark_rotations_clean_v1_steps7\renders\P02_s3141592_scrA_pos_d045_00001_.png,C:\StabilityMatrix-win-x64\Data\Packages\ComfyUI\output\benchmark_rotations_clean_v1_steps7\renders\P02_s3141592_baseline_00001_.png,benchmark_rotations_clean_v1_steps7/renders,not recorded,2026-09-22T02:22:47.973786
143,P02,7919c95fcf,3141592,scrA_pos,scrA_pos_d060,0.06,31.7657,0.059995,krea2_turbo_bf16.safetensors,not recorded,qwen_image_vae.safetensors,qwen3vl_4b_bf16.safetensors,ArthemyKrea2ModelScrambleRotator,not recorded,Default,euler_ancestral,7,1.0,simple,1.0,1024,1280,C:\StabilityMatrix-win-x64\Data\Packages\ComfyUI\output\benchmark_rotations_clean_v1_steps7\renders\P02_s3141592_scrA_pos_d060_00001_.png,C:\StabilityMatrix-win-x64\Data\Packages\ComfyUI\output\benchmark_rotations_clean_v1_steps7\renders\P02_s3141592_baseline_00001_.png,benchmark_rotations_clean_v1_steps7/renders,not recorded,2026-09-22T03:05:34.837761
144,P02,7919c95fcf,3141592,scrB_neg,scrB_neg_d030,0.03,-21.3119,0.029999,krea2_turbo_bf16.safetensors,not recorded,qwen_image_vae.safetensors,qwen3vl_4b_bf16.safetensors,ArthemyKrea2ModelScrambleRotator,not recorded,Default,euler_ancestral,7,1.0,simple,1.0,1024,1280,C:\StabilityMatrix-win-x64\Data\Packages\ComfyUI\output\benchmark_rotations_clean_v1_steps7\renders\P02_s3141592_scrB_neg_d030_00001_.png,C:\StabilityMatrix-win-x64\Data\Packages\ComfyUI\output\benchmark_rotations_clean_v1_steps7\renders\P02_s3141592_baseline_00001_.png,benchmark_rotations_clean_v1_steps7/renders,not recorded,2026-09-22T03:02:56.690587
145,P02,7919c95fcf,3141592,scrB_neg,scrB_neg_d045,0.045001,-32.21,0.045001,krea2_turbo_bf16.safetensors,not recorded,qwen_image_vae.safetensors,qwen3vl_4b_bf16.safetensors,ArthemyKrea2ModelScrambleRotator,not recorded,Default,euler_ancestral,7,1.0,simple,1.0,1024,1280,C:\StabilityMatrix-win-x64\Data\Packages\ComfyUI\output\benchmark_rotations_clean_v1_steps7\renders\P02_s3141592_scrB_neg_d045_00001_.png,C:\StabilityMatrix-win-x64\Data\Packages\ComfyUI\output\benchmark_rotations_clean_v1_steps7\renders\P02_s3141592_baseline_00001_.png,benchmark_rotations_clean_v1_steps7/renders,not recorded,2026-09-22T02:30:51.386904
146,P02,7919c95fcf,3141592,scrB_neg,scrB_neg_d060,0.06,-43.405426,0.059995,krea2_turbo_bf16.safetensors,not recorded,qwen_image_vae.safetensors,qwen3vl_4b_bf16.safetensors,ArthemyKrea2ModelScrambleRotator,not recorded,Default,euler_ancestral,7,1.0,simple,1.0,1024,1280,C:\StabilityMatrix-win-x64\Data\Packages\ComfyUI\output\benchmark_rotations_clean_v1_steps7\renders\P02_s3141592_scrB_neg_d060_00001_.png,C:\StabilityMatrix-win-x64\Data\Packages\ComfyUI\output\benchmark_rotations_clean_v1_steps7\renders\P02_s3141592_baseline_00001_.png,benchmark_rotations_clean_v1_steps7/renders,not recorded,2026-09-22T03:13:27.538310
147,P02,7919c95fcf,3141592,scrB_pos,scrB_pos_d030,0.03,21.3119,0.029999,krea2_turbo_bf16.safetensors,not recorded,qwen_image_vae.safetensors,qwen3vl_4b_bf16.safetensors,ArthemyKrea2ModelScrambleRotator,not recorded,Default,euler_ancestral,7,1.0,simple,1.0,1024,1280,C:\StabilityMatrix-win-x64\Data\Packages\ComfyUI\output\benchmark_rotations_clean_v1_steps7\renders\P02_s3141592_scrB_pos_d030_00001_.png,C:\StabilityMatrix-win-x64\Data\Packages\ComfyUI\output\benchmark_rotations_clean_v1_steps7\renders\P02_s3141592_baseline_00001_.png,benchmark_rotations_clean_v1_steps7/renders,not recorded,2026-09-22T03:00:19.655697
148,P02,7919c95fcf,3141592,scrB_pos,scrB_pos_d045,0.045001,32.21,0.045001,krea2_turbo_bf16.safetensors,not recorded,qwen_image_vae.safetensors,qwen3vl_4b_bf16.safetensors,ArthemyKrea2ModelScrambleRotator,not recorded,Default,euler_ancestral,7,1.0,simple,1.0,1024,1280,C:\StabilityMatrix-win-x64\Data\Packages\ComfyUI\output\benchmark_rotations_clean_v1_steps7\renders\P02_s3141592_scrB_pos_d045_00001_.png,C:\StabilityMatrix-win-x64\Data\Packages\ComfyUI\output\benchmark_rotations_clean_v1_steps7\renders\P02_s3141592_baseline_00001_.png,benchmark_rotations_clean_v1_steps7/renders,not recorded,2026-09-22T02:28:10.596404
149,P02,7919c95fcf,3141592,scrB_pos,scrB_pos_d060,0.06,43.405426,0.059995,krea2_turbo_bf16.safetensors,not recorded,qwen_image_vae.safetensors,qwen3vl_4b_bf16.safetensors,ArthemyKrea2ModelScrambleRotator,not recorded,Default,euler_ancestral,7,1.0,simple,1.0,1024,1280,C:\StabilityMatrix-win-x64\Data\Packages\ComfyUI\output\benchmark_rotations_clean_v1_steps7\renders\P02_s3141592_scrB_pos_d060_00001_.png,C:\StabilityMatrix-win-x64\Data\Packages\ComfyUI\output\benchmark_rotations_clean_v1_steps7\renders\P02_s3141592_baseline_00001_.png,benchmark_rotations_clean_v1_steps7/renders,not recorded,2026-09-22T03:10:50.213009
