run_id,stage,group,condition_id,cond_name,renders_root,image_path,baseline_path,prompt_id,prompt_sha1,prompt_tag,prompt_text,seed,sampler,steps,cfg,width,height,operation,preset_file,suite_git_sha,timestamp
stage5_20260915_080853,stage5,A,74d1f804c25e,baseline,C:\StabilityMatrix-win-x64\Data\Packages\ComfyUI\output\benchmark_stage5\renders,renders/G1_baseline_seed4242145_00001_.png,renders/G1_baseline_seed4242145_00001_.png,G1,30de058455,seatouched_teal,"Western comics style, bold ink outlines, hatched shadows, hard teal-tinted rim light glowing along the edges of her face, seductive simmering menace, seen from an extreme tilted low angle with her chin raised, extreme close-up on the head only, tight framing, sharp dutch angle. ageless female sea-touched woman, long dark hair fanning as if suspended in water, thin webbed fin-like ridges tracing along her temple, cyan skin, sharply arched eyebrows, a narrow straight nose, wide teal eyes with slitted pupils half-lidded in cold allure, full lips curled in a knowing smirk, small barnacle-like clusters studding one earlobe, faint iridescent sheen along her jawline. white background, simple background, teal overall hue, monochromatic teal.",4242145,euler_ancestral,9,1.0,1024,1280,baseline,,ff680ad0a33ee142,2026-09-15 08:08:53
stage5_20260915_080853,stage5,A,533afc52a97f,baseline,C:\StabilityMatrix-win-x64\Data\Packages\ComfyUI\output\benchmark_stage5\renders,renders/G1_baseline_seed42_00001_.png,renders/G1_baseline_seed42_00001_.png,G1,30de058455,seatouched_teal,"Western comics style, bold ink outlines, hatched shadows, hard teal-tinted rim light glowing along the edges of her face, seductive simmering menace, seen from an extreme tilted low angle with her chin raised, extreme close-up on the head only, tight framing, sharp dutch angle. ageless female sea-touched woman, long dark hair fanning as if suspended in water, thin webbed fin-like ridges tracing along her temple, cyan skin, sharply arched eyebrows, a narrow straight nose, wide teal eyes with slitted pupils half-lidded in cold allure, full lips curled in a knowing smirk, small barnacle-like clusters studding one earlobe, faint iridescent sheen along her jawline. white background, simple background, teal overall hue, monochromatic teal.",42,euler_ancestral,9,1.0,1024,1280,baseline,,ff680ad0a33ee142,2026-09-15 08:08:53
stage5_20260915_080853,stage5,A,db3931faa5cf,baseline,C:\StabilityMatrix-win-x64\Data\Packages\ComfyUI\output\benchmark_stage5\renders,renders/G1_baseline_seed1337_00001_.png,renders/G1_baseline_seed1337_00001_.png,G1,30de058455,seatouched_teal,"Western comics style, bold ink outlines, hatched shadows, hard teal-tinted rim light glowing along the edges of her face, seductive simmering menace, seen from an extreme tilted low angle with her chin raised, extreme close-up on the head only, tight framing, sharp dutch angle. ageless female sea-touched woman, long dark hair fanning as if suspended in water, thin webbed fin-like ridges tracing along her temple, cyan skin, sharply arched eyebrows, a narrow straight nose, wide teal eyes with slitted pupils half-lidded in cold allure, full lips curled in a knowing smirk, small barnacle-like clusters studding one earlobe, faint iridescent sheen along her jawline. white background, simple background, teal overall hue, monochromatic teal.",1337,euler_ancestral,9,1.0,1024,1280,baseline,,ff680ad0a33ee142,2026-09-15 08:08:53
stage5_20260915_080853,stage5,A,eadc0768569f,baseline,C:\StabilityMatrix-win-x64\Data\Packages\ComfyUI\output\benchmark_stage5\renders,renders/G1_baseline_seed777_00001_.png,renders/G1_baseline_seed777_00001_.png,G1,30de058455,seatouched_teal,"Western comics style, bold ink outlines, hatched shadows, hard teal-tinted rim light glowing along the edges of her face, seductive simmering menace, seen from an extreme tilted low angle with her chin raised, extreme close-up on the head only, tight framing, sharp dutch angle. ageless female sea-touched woman, long dark hair fanning as if suspended in water, thin webbed fin-like ridges tracing along her temple, cyan skin, sharply arched eyebrows, a narrow straight nose, wide teal eyes with slitted pupils half-lidded in cold allure, full lips curled in a knowing smirk, small barnacle-like clusters studding one earlobe, faint iridescent sheen along her jawline. white background, simple background, teal overall hue, monochromatic teal.",777,euler_ancestral,9,1.0,1024,1280,baseline,,ff680ad0a33ee142,2026-09-15 08:08:53
stage5_20260915_080853,stage5,A,66d277161d00,baseline,C:\StabilityMatrix-win-x64\Data\Packages\ComfyUI\output\benchmark_stage5\renders,renders/G1_baseline_seed9999_00001_.png,renders/G1_baseline_seed9999_00001_.png,G1,30de058455,seatouched_teal,"Western comics style, bold ink outlines, hatched shadows, hard teal-tinted rim light glowing along the edges of her face, seductive simmering menace, seen from an extreme tilted low angle with her chin raised, extreme close-up on the head only, tight framing, sharp dutch angle. ageless female sea-touched woman, long dark hair fanning as if suspended in water, thin webbed fin-like ridges tracing along her temple, cyan skin, sharply arched eyebrows, a narrow straight nose, wide teal eyes with slitted pupils half-lidded in cold allure, full lips curled in a knowing smirk, small barnacle-like clusters studding one earlobe, faint iridescent sheen along her jawline. white background, simple background, teal overall hue, monochromatic teal.",9999,euler_ancestral,9,1.0,1024,1280,baseline,,ff680ad0a33ee142,2026-09-15 08:08:53
stage5_20260915_080853,stage5,A,92b9eee42f66,baseline,C:\StabilityMatrix-win-x64\Data\Packages\ComfyUI\output\benchmark_stage5\renders,renders/G1_baseline_seed101_00001_.png,renders/G1_baseline_seed101_00001_.png,G1,30de058455,seatouched_teal,"Western comics style, bold ink outlines, hatched shadows, hard teal-tinted rim light glowing along the edges of her face, seductive simmering menace, seen from an extreme tilted low angle with her chin raised, extreme close-up on the head only, tight framing, sharp dutch angle. ageless female sea-touched woman, long dark hair fanning as if suspended in water, thin webbed fin-like ridges tracing along her temple, cyan skin, sharply arched eyebrows, a narrow straight nose, wide teal eyes with slitted pupils half-lidded in cold allure, full lips curled in a knowing smirk, small barnacle-like clusters studding one earlobe, faint iridescent sheen along her jawline. white background, simple background, teal overall hue, monochromatic teal.",101,euler_ancestral,9,1.0,1024,1280,baseline,,ff680ad0a33ee142,2026-09-15 08:08:53
stage5_20260915_080853,stage5,A,31e84aa84fac,baseline,C:\StabilityMatrix-win-x64\Data\Packages\ComfyUI\output\benchmark_stage5\renders,renders/G1_baseline_seed102_00001_.png,renders/G1_baseline_seed102_00001_.png,G1,30de058455,seatouched_teal,"Western comics style, bold ink outlines, hatched shadows, hard teal-tinted rim light glowing along the edges of her face, seductive simmering menace, seen from an extreme tilted low angle with her chin raised, extreme close-up on the head only, tight framing, sharp dutch angle. ageless female sea-touched woman, long dark hair fanning as if suspended in water, thin webbed fin-like ridges tracing along her temple, cyan skin, sharply arched eyebrows, a narrow straight nose, wide teal eyes with slitted pupils half-lidded in cold allure, full lips curled in a knowing smirk, small barnacle-like clusters studding one earlobe, faint iridescent sheen along her jawline. white background, simple background, teal overall hue, monochromatic teal.",102,euler_ancestral,9,1.0,1024,1280,baseline,,ff680ad0a33ee142,2026-09-15 08:08:53
stage5_20260915_080853,stage5,A,ee4242830086,baseline,C:\StabilityMatrix-win-x64\Data\Packages\ComfyUI\output\benchmark_stage5\renders,renders/G1_baseline_seed103_00001_.png,renders/G1_baseline_seed103_00001_.png,G1,30de058455,seatouched_teal,"Western comics style, bold ink outlines, hatched shadows, hard teal-tinted rim light glowing along the edges of her face, seductive simmering menace, seen from an extreme tilted low angle with her chin raised, extreme close-up on the head only, tight framing, sharp dutch angle. ageless female sea-touched woman, long dark hair fanning as if suspended in water, thin webbed fin-like ridges tracing along her temple, cyan skin, sharply arched eyebrows, a narrow straight nose, wide teal eyes with slitted pupils half-lidded in cold allure, full lips curled in a knowing smirk, small barnacle-like clusters studding one earlobe, faint iridescent sheen along her jawline. white background, simple background, teal overall hue, monochromatic teal.",103,euler_ancestral,9,1.0,1024,1280,baseline,,ff680ad0a33ee142,2026-09-15 08:08:53
stage5_20260915_080853,stage5,A,7675507fdde3,baseline,C:\StabilityMatrix-win-x64\Data\Packages\ComfyUI\output\benchmark_stage5\renders,renders/G1_baseline_seed104_00001_.png,renders/G1_baseline_seed104_00001_.png,G1,30de058455,seatouched_teal,"Western comics style, bold ink outlines, hatched shadows, hard teal-tinted rim light glowing along the edges of her face, seductive simmering menace, seen from an extreme tilted low angle with her chin raised, extreme close-up on the head only, tight framing, sharp dutch angle. ageless female sea-touched woman, long dark hair fanning as if suspended in water, thin webbed fin-like ridges tracing along her temple, cyan skin, sharply arched eyebrows, a narrow straight nose, wide teal eyes with slitted pupils half-lidded in cold allure, full lips curled in a knowing smirk, small barnacle-like clusters studding one earlobe, faint iridescent sheen along her jawline. white background, simple background, teal overall hue, monochromatic teal.",104,euler_ancestral,9,1.0,1024,1280,baseline,,ff680ad0a33ee142,2026-09-15 08:08:53
stage5_20260915_080853,stage5,A,01cee34390ef,baseline,C:\StabilityMatrix-win-x64\Data\Packages\ComfyUI\output\benchmark_stage5\renders,renders/G1_baseline_seed105_00001_.png,renders/G1_baseline_seed105_00001_.png,G1,30de058455,seatouched_teal,"Western comics style, bold ink outlines, hatched shadows, hard teal-tinted rim light glowing along the edges of her face, seductive simmering menace, seen from an extreme tilted low angle with her chin raised, extreme close-up on the head only, tight framing, sharp dutch angle. ageless female sea-touched woman, long dark hair fanning as if suspended in water, thin webbed fin-like ridges tracing along her temple, cyan skin, sharply arched eyebrows, a narrow straight nose, wide teal eyes with slitted pupils half-lidded in cold allure, full lips curled in a knowing smirk, small barnacle-like clusters studding one earlobe, faint iridescent sheen along her jawline. white background, simple background, teal overall hue, monochromatic teal.",105,euler_ancestral,9,1.0,1024,1280,baseline,,ff680ad0a33ee142,2026-09-15 08:08:53
stage5_20260915_080853,stage5,A,1b2e4a0bd604,baseline,C:\StabilityMatrix-win-x64\Data\Packages\ComfyUI\output\benchmark_stage5\renders,renders/G1_baseline_seed106_00001_.png,renders/G1_baseline_seed106_00001_.png,G1,30de058455,seatouched_teal,"Western comics style, bold ink outlines, hatched shadows, hard teal-tinted rim light glowing along the edges of her face, seductive simmering menace, seen from an extreme tilted low angle with her chin raised, extreme close-up on the head only, tight framing, sharp dutch angle. ageless female sea-touched woman, long dark hair fanning as if suspended in water, thin webbed fin-like ridges tracing along her temple, cyan skin, sharply arched eyebrows, a narrow straight nose, wide teal eyes with slitted pupils half-lidded in cold allure, full lips curled in a knowing smirk, small barnacle-like clusters studding one earlobe, faint iridescent sheen along her jawline. white background, simple background, teal overall hue, monochromatic teal.",106,euler_ancestral,9,1.0,1024,1280,baseline,,ff680ad0a33ee142,2026-09-15 08:08:53
stage5_20260915_080853,stage5,A,6f96fd9084c6,baseline,C:\StabilityMatrix-win-x64\Data\Packages\ComfyUI\output\benchmark_stage5\renders,renders/G1_baseline_seed107_00001_.png,renders/G1_baseline_seed107_00001_.png,G1,30de058455,seatouched_teal,"Western comics style, bold ink outlines, hatched shadows, hard teal-tinted rim light glowing along the edges of her face, seductive simmering menace, seen from an extreme tilted low angle with her chin raised, extreme close-up on the head only, tight framing, sharp dutch angle. ageless female sea-touched woman, long dark hair fanning as if suspended in water, thin webbed fin-like ridges tracing along her temple, cyan skin, sharply arched eyebrows, a narrow straight nose, wide teal eyes with slitted pupils half-lidded in cold allure, full lips curled in a knowing smirk, small barnacle-like clusters studding one earlobe, faint iridescent sheen along her jawline. white background, simple background, teal overall hue, monochromatic teal.",107,euler_ancestral,9,1.0,1024,1280,baseline,,ff680ad0a33ee142,2026-09-15 08:08:53
stage5_20260915_080853,stage5,A,dcd87baafdef,baseline,C:\StabilityMatrix-win-x64\Data\Packages\ComfyUI\output\benchmark_stage5\renders,renders/G1_baseline_seed108_00001_.png,renders/G1_baseline_seed108_00001_.png,G1,30de058455,seatouched_teal,"Western comics style, bold ink outlines, hatched shadows, hard teal-tinted rim light glowing along the edges of her face, seductive simmering menace, seen from an extreme tilted low angle with her chin raised, extreme close-up on the head only, tight framing, sharp dutch angle. ageless female sea-touched woman, long dark hair fanning as if suspended in water, thin webbed fin-like ridges tracing along her temple, cyan skin, sharply arched eyebrows, a narrow straight nose, wide teal eyes with slitted pupils half-lidded in cold allure, full lips curled in a knowing smirk, small barnacle-like clusters studding one earlobe, faint iridescent sheen along her jawline. white background, simple background, teal overall hue, monochromatic teal.",108,euler_ancestral,9,1.0,1024,1280,baseline,,ff680ad0a33ee142,2026-09-15 08:08:53
stage5_20260915_080853,stage5,A,5f56b9a2f9c7,baseline,C:\StabilityMatrix-win-x64\Data\Packages\ComfyUI\output\benchmark_stage5\renders,renders/G1_baseline_seed109_00001_.png,renders/G1_baseline_seed109_00001_.png,G1,30de058455,seatouched_teal,"Western comics style, bold ink outlines, hatched shadows, hard teal-tinted rim light glowing along the edges of her face, seductive simmering menace, seen from an extreme tilted low angle with her chin raised, extreme close-up on the head only, tight framing, sharp dutch angle. ageless female sea-touched woman, long dark hair fanning as if suspended in water, thin webbed fin-like ridges tracing along her temple, cyan skin, sharply arched eyebrows, a narrow straight nose, wide teal eyes with slitted pupils half-lidded in cold allure, full lips curled in a knowing smirk, small barnacle-like clusters studding one earlobe, faint iridescent sheen along her jawline. white background, simple background, teal overall hue, monochromatic teal.",109,euler_ancestral,9,1.0,1024,1280,baseline,,ff680ad0a33ee142,2026-09-15 08:08:53
stage5_20260915_080853,stage5,A,d6a5001a07f1,baseline,C:\StabilityMatrix-win-x64\Data\Packages\ComfyUI\output\benchmark_stage5\renders,renders/G1_baseline_seed110_00001_.png,renders/G1_baseline_seed110_00001_.png,G1,30de058455,seatouched_teal,"Western comics style, bold ink outlines, hatched shadows, hard teal-tinted rim light glowing along the edges of her face, seductive simmering menace, seen from an extreme tilted low angle with her chin raised, extreme close-up on the head only, tight framing, sharp dutch angle. ageless female sea-touched woman, long dark hair fanning as if suspended in water, thin webbed fin-like ridges tracing along her temple, cyan skin, sharply arched eyebrows, a narrow straight nose, wide teal eyes with slitted pupils half-lidded in cold allure, full lips curled in a knowing smirk, small barnacle-like clusters studding one earlobe, faint iridescent sheen along her jawline. white background, simple background, teal overall hue, monochromatic teal.",110,euler_ancestral,9,1.0,1024,1280,baseline,,ff680ad0a33ee142,2026-09-15 08:08:53
stage5_20260915_080853,stage5,A,ad83231e6fda,preset_pos,C:\StabilityMatrix-win-x64\Data\Packages\ComfyUI\output\benchmark_stage5\renders,renders/G1_preset_pos_seed4242145_00001_.png,renders/G1_baseline_seed4242145_00001_.png,G1,30de058455,seatouched_teal,"Western comics style, bold ink outlines, hatched shadows, hard teal-tinted rim light glowing along the edges of her face, seductive simmering menace, seen from an extreme tilted low angle with her chin raised, extreme close-up on the head only, tight framing, sharp dutch angle. ageless female sea-touched woman, long dark hair fanning as if suspended in water, thin webbed fin-like ridges tracing along her temple, cyan skin, sharply arched eyebrows, a narrow straight nose, wide teal eyes with slitted pupils half-lidded in cold allure, full lips curled in a knowing smirk, small barnacle-like clusters studding one earlobe, faint iridescent sheen along her jawline. white background, simple background, teal overall hue, monochromatic teal.",4242145,euler_ancestral,9,1.0,1024,1280,preset,Arthemy_Bench_Base.json,ff680ad0a33ee142,2026-09-15 08:08:53
stage5_20260915_080853,stage5,A,ad83231e6fda,preset_pos,C:\StabilityMatrix-win-x64\Data\Packages\ComfyUI\output\benchmark_stage5\renders,renders/G1_preset_pos_seed42_00001_.png,renders/G1_baseline_seed42_00001_.png,G1,30de058455,seatouched_teal,"Western comics style, bold ink outlines, hatched shadows, hard teal-tinted rim light glowing along the edges of her face, seductive simmering menace, seen from an extreme tilted low angle with her chin raised, extreme close-up on the head only, tight framing, sharp dutch angle. ageless female sea-touched woman, long dark hair fanning as if suspended in water, thin webbed fin-like ridges tracing along her temple, cyan skin, sharply arched eyebrows, a narrow straight nose, wide teal eyes with slitted pupils half-lidded in cold allure, full lips curled in a knowing smirk, small barnacle-like clusters studding one earlobe, faint iridescent sheen along her jawline. white background, simple background, teal overall hue, monochromatic teal.",42,euler_ancestral,9,1.0,1024,1280,preset,Arthemy_Bench_Base.json,ff680ad0a33ee142,2026-09-15 08:08:53
stage5_20260915_080853,stage5,A,ad83231e6fda,preset_pos,C:\StabilityMatrix-win-x64\Data\Packages\ComfyUI\output\benchmark_stage5\renders,renders/G1_preset_pos_seed1337_00001_.png,renders/G1_baseline_seed1337_00001_.png,G1,30de058455,seatouched_teal,"Western comics style, bold ink outlines, hatched shadows, hard teal-tinted rim light glowing along the edges of her face, seductive simmering menace, seen from an extreme tilted low angle with her chin raised, extreme close-up on the head only, tight framing, sharp dutch angle. ageless female sea-touched woman, long dark hair fanning as if suspended in water, thin webbed fin-like ridges tracing along her temple, cyan skin, sharply arched eyebrows, a narrow straight nose, wide teal eyes with slitted pupils half-lidded in cold allure, full lips curled in a knowing smirk, small barnacle-like clusters studding one earlobe, faint iridescent sheen along her jawline. white background, simple background, teal overall hue, monochromatic teal.",1337,euler_ancestral,9,1.0,1024,1280,preset,Arthemy_Bench_Base.json,ff680ad0a33ee142,2026-09-15 08:08:53
stage5_20260915_080853,stage5,A,ad83231e6fda,preset_pos,C:\StabilityMatrix-win-x64\Data\Packages\ComfyUI\output\benchmark_stage5\renders,renders/G1_preset_pos_seed777_00001_.png,renders/G1_baseline_seed777_00001_.png,G1,30de058455,seatouched_teal,"Western comics style, bold ink outlines, hatched shadows, hard teal-tinted rim light glowing along the edges of her face, seductive simmering menace, seen from an extreme tilted low angle with her chin raised, extreme close-up on the head only, tight framing, sharp dutch angle. ageless female sea-touched woman, long dark hair fanning as if suspended in water, thin webbed fin-like ridges tracing along her temple, cyan skin, sharply arched eyebrows, a narrow straight nose, wide teal eyes with slitted pupils half-lidded in cold allure, full lips curled in a knowing smirk, small barnacle-like clusters studding one earlobe, faint iridescent sheen along her jawline. white background, simple background, teal overall hue, monochromatic teal.",777,euler_ancestral,9,1.0,1024,1280,preset,Arthemy_Bench_Base.json,ff680ad0a33ee142,2026-09-15 08:08:53
stage5_20260915_080853,stage5,A,ad83231e6fda,preset_pos,C:\StabilityMatrix-win-x64\Data\Packages\ComfyUI\output\benchmark_stage5\renders,renders/G1_preset_pos_seed9999_00001_.png,renders/G1_baseline_seed9999_00001_.png,G1,30de058455,seatouched_teal,"Western comics style, bold ink outlines, hatched shadows, hard teal-tinted rim light glowing along the edges of her face, seductive simmering menace, seen from an extreme tilted low angle with her chin raised, extreme close-up on the head only, tight framing, sharp dutch angle. ageless female sea-touched woman, long dark hair fanning as if suspended in water, thin webbed fin-like ridges tracing along her temple, cyan skin, sharply arched eyebrows, a narrow straight nose, wide teal eyes with slitted pupils half-lidded in cold allure, full lips curled in a knowing smirk, small barnacle-like clusters studding one earlobe, faint iridescent sheen along her jawline. white background, simple background, teal overall hue, monochromatic teal.",9999,euler_ancestral,9,1.0,1024,1280,preset,Arthemy_Bench_Base.json,ff680ad0a33ee142,2026-09-15 08:08:53
stage5_20260915_080853,stage5,A,12421b7e9805,preset_neg,C:\StabilityMatrix-win-x64\Data\Packages\ComfyUI\output\benchmark_stage5\renders,renders/G1_preset_neg_seed4242145_00001_.png,renders/G1_baseline_seed4242145_00001_.png,G1,30de058455,seatouched_teal,"Western comics style, bold ink outlines, hatched shadows, hard teal-tinted rim light glowing along the edges of her face, seductive simmering menace, seen from an extreme tilted low angle with her chin raised, extreme close-up on the head only, tight framing, sharp dutch angle. ageless female sea-touched woman, long dark hair fanning as if suspended in water, thin webbed fin-like ridges tracing along her temple, cyan skin, sharply arched eyebrows, a narrow straight nose, wide teal eyes with slitted pupils half-lidded in cold allure, full lips curled in a knowing smirk, small barnacle-like clusters studding one earlobe, faint iridescent sheen along her jawline. white background, simple background, teal overall hue, monochromatic teal.",4242145,euler_ancestral,9,1.0,1024,1280,preset,Arthemy_Bench_NEG.json,ff680ad0a33ee142,2026-09-15 08:08:53
stage5_20260915_080853,stage5,A,12421b7e9805,preset_neg,C:\StabilityMatrix-win-x64\Data\Packages\ComfyUI\output\benchmark_stage5\renders,renders/G1_preset_neg_seed42_00001_.png,renders/G1_baseline_seed42_00001_.png,G1,30de058455,seatouched_teal,"Western comics style, bold ink outlines, hatched shadows, hard teal-tinted rim light glowing along the edges of her face, seductive simmering menace, seen from an extreme tilted low angle with her chin raised, extreme close-up on the head only, tight framing, sharp dutch angle. ageless female sea-touched woman, long dark hair fanning as if suspended in water, thin webbed fin-like ridges tracing along her temple, cyan skin, sharply arched eyebrows, a narrow straight nose, wide teal eyes with slitted pupils half-lidded in cold allure, full lips curled in a knowing smirk, small barnacle-like clusters studding one earlobe, faint iridescent sheen along her jawline. white background, simple background, teal overall hue, monochromatic teal.",42,euler_ancestral,9,1.0,1024,1280,preset,Arthemy_Bench_NEG.json,ff680ad0a33ee142,2026-09-15 08:08:53
stage5_20260915_080853,stage5,A,12421b7e9805,preset_neg,C:\StabilityMatrix-win-x64\Data\Packages\ComfyUI\output\benchmark_stage5\renders,renders/G1_preset_neg_seed1337_00001_.png,renders/G1_baseline_seed1337_00001_.png,G1,30de058455,seatouched_teal,"Western comics style, bold ink outlines, hatched shadows, hard teal-tinted rim light glowing along the edges of her face, seductive simmering menace, seen from an extreme tilted low angle with her chin raised, extreme close-up on the head only, tight framing, sharp dutch angle. ageless female sea-touched woman, long dark hair fanning as if suspended in water, thin webbed fin-like ridges tracing along her temple, cyan skin, sharply arched eyebrows, a narrow straight nose, wide teal eyes with slitted pupils half-lidded in cold allure, full lips curled in a knowing smirk, small barnacle-like clusters studding one earlobe, faint iridescent sheen along her jawline. white background, simple background, teal overall hue, monochromatic teal.",1337,euler_ancestral,9,1.0,1024,1280,preset,Arthemy_Bench_NEG.json,ff680ad0a33ee142,2026-09-15 08:08:53
stage5_20260915_080853,stage5,A,12421b7e9805,preset_neg,C:\StabilityMatrix-win-x64\Data\Packages\ComfyUI\output\benchmark_stage5\renders,renders/G1_preset_neg_seed777_00001_.png,renders/G1_baseline_seed777_00001_.png,G1,30de058455,seatouched_teal,"Western comics style, bold ink outlines, hatched shadows, hard teal-tinted rim light glowing along the edges of her face, seductive simmering menace, seen from an extreme tilted low angle with her chin raised, extreme close-up on the head only, tight framing, sharp dutch angle. ageless female sea-touched woman, long dark hair fanning as if suspended in water, thin webbed fin-like ridges tracing along her temple, cyan skin, sharply arched eyebrows, a narrow straight nose, wide teal eyes with slitted pupils half-lidded in cold allure, full lips curled in a knowing smirk, small barnacle-like clusters studding one earlobe, faint iridescent sheen along her jawline. white background, simple background, teal overall hue, monochromatic teal.",777,euler_ancestral,9,1.0,1024,1280,preset,Arthemy_Bench_NEG.json,ff680ad0a33ee142,2026-09-15 08:08:53
stage5_20260915_080853,stage5,A,12421b7e9805,preset_neg,C:\StabilityMatrix-win-x64\Data\Packages\ComfyUI\output\benchmark_stage5\renders,renders/G1_preset_neg_seed9999_00001_.png,renders/G1_baseline_seed9999_00001_.png,G1,30de058455,seatouched_teal,"Western comics style, bold ink outlines, hatched shadows, hard teal-tinted rim light glowing along the edges of her face, seductive simmering menace, seen from an extreme tilted low angle with her chin raised, extreme close-up on the head only, tight framing, sharp dutch angle. ageless female sea-touched woman, long dark hair fanning as if suspended in water, thin webbed fin-like ridges tracing along her temple, cyan skin, sharply arched eyebrows, a narrow straight nose, wide teal eyes with slitted pupils half-lidded in cold allure, full lips curled in a knowing smirk, small barnacle-like clusters studding one earlobe, faint iridescent sheen along her jawline. white background, simple background, teal overall hue, monochromatic teal.",9999,euler_ancestral,9,1.0,1024,1280,preset,Arthemy_Bench_NEG.json,ff680ad0a33ee142,2026-09-15 08:08:53
stage5_20260915_080853,stage5,A,17f3ed1f0d34,preset_half,C:\StabilityMatrix-win-x64\Data\Packages\ComfyUI\output\benchmark_stage5\renders,renders/G1_preset_half_seed4242145_00001_.png,renders/G1_baseline_seed4242145_00001_.png,G1,30de058455,seatouched_teal,"Western comics style, bold ink outlines, hatched shadows, hard teal-tinted rim light glowing along the edges of her face, seductive simmering menace, seen from an extreme tilted low angle with her chin raised, extreme close-up on the head only, tight framing, sharp dutch angle. ageless female sea-touched woman, long dark hair fanning as if suspended in water, thin webbed fin-like ridges tracing along her temple, cyan skin, sharply arched eyebrows, a narrow straight nose, wide teal eyes with slitted pupils half-lidded in cold allure, full lips curled in a knowing smirk, small barnacle-like clusters studding one earlobe, faint iridescent sheen along her jawline. white background, simple background, teal overall hue, monochromatic teal.",4242145,euler_ancestral,9,1.0,1024,1280,preset,Arthemy_Bench_HALF.json,ff680ad0a33ee142,2026-09-15 08:08:53
stage5_20260915_080853,stage5,A,17f3ed1f0d34,preset_half,C:\StabilityMatrix-win-x64\Data\Packages\ComfyUI\output\benchmark_stage5\renders,renders/G1_preset_half_seed42_00001_.png,renders/G1_baseline_seed42_00001_.png,G1,30de058455,seatouched_teal,"Western comics style, bold ink outlines, hatched shadows, hard teal-tinted rim light glowing along the edges of her face, seductive simmering menace, seen from an extreme tilted low angle with her chin raised, extreme close-up on the head only, tight framing, sharp dutch angle. ageless female sea-touched woman, long dark hair fanning as if suspended in water, thin webbed fin-like ridges tracing along her temple, cyan skin, sharply arched eyebrows, a narrow straight nose, wide teal eyes with slitted pupils half-lidded in cold allure, full lips curled in a knowing smirk, small barnacle-like clusters studding one earlobe, faint iridescent sheen along her jawline. white background, simple background, teal overall hue, monochromatic teal.",42,euler_ancestral,9,1.0,1024,1280,preset,Arthemy_Bench_HALF.json,ff680ad0a33ee142,2026-09-15 08:08:53
stage5_20260915_080853,stage5,A,17f3ed1f0d34,preset_half,C:\StabilityMatrix-win-x64\Data\Packages\ComfyUI\output\benchmark_stage5\renders,renders/G1_preset_half_seed1337_00001_.png,renders/G1_baseline_seed1337_00001_.png,G1,30de058455,seatouched_teal,"Western comics style, bold ink outlines, hatched shadows, hard teal-tinted rim light glowing along the edges of her face, seductive simmering menace, seen from an extreme tilted low angle with her chin raised, extreme close-up on the head only, tight framing, sharp dutch angle. ageless female sea-touched woman, long dark hair fanning as if suspended in water, thin webbed fin-like ridges tracing along her temple, cyan skin, sharply arched eyebrows, a narrow straight nose, wide teal eyes with slitted pupils half-lidded in cold allure, full lips curled in a knowing smirk, small barnacle-like clusters studding one earlobe, faint iridescent sheen along her jawline. white background, simple background, teal overall hue, monochromatic teal.",1337,euler_ancestral,9,1.0,1024,1280,preset,Arthemy_Bench_HALF.json,ff680ad0a33ee142,2026-09-15 08:08:53
stage5_20260915_080853,stage5,A,17f3ed1f0d34,preset_half,C:\StabilityMatrix-win-x64\Data\Packages\ComfyUI\output\benchmark_stage5\renders,renders/G1_preset_half_seed777_00001_.png,renders/G1_baseline_seed777_00001_.png,G1,30de058455,seatouched_teal,"Western comics style, bold ink outlines, hatched shadows, hard teal-tinted rim light glowing along the edges of her face, seductive simmering menace, seen from an extreme tilted low angle with her chin raised, extreme close-up on the head only, tight framing, sharp dutch angle. ageless female sea-touched woman, long dark hair fanning as if suspended in water, thin webbed fin-like ridges tracing along her temple, cyan skin, sharply arched eyebrows, a narrow straight nose, wide teal eyes with slitted pupils half-lidded in cold allure, full lips curled in a knowing smirk, small barnacle-like clusters studding one earlobe, faint iridescent sheen along her jawline. white background, simple background, teal overall hue, monochromatic teal.",777,euler_ancestral,9,1.0,1024,1280,preset,Arthemy_Bench_HALF.json,ff680ad0a33ee142,2026-09-15 08:08:53
stage5_20260915_080853,stage5,A,17f3ed1f0d34,preset_half,C:\StabilityMatrix-win-x64\Data\Packages\ComfyUI\output\benchmark_stage5\renders,renders/G1_preset_half_seed9999_00001_.png,renders/G1_baseline_seed9999_00001_.png,G1,30de058455,seatouched_teal,"Western comics style, bold ink outlines, hatched shadows, hard teal-tinted rim light glowing along the edges of her face, seductive simmering menace, seen from an extreme tilted low angle with her chin raised, extreme close-up on the head only, tight framing, sharp dutch angle. ageless female sea-touched woman, long dark hair fanning as if suspended in water, thin webbed fin-like ridges tracing along her temple, cyan skin, sharply arched eyebrows, a narrow straight nose, wide teal eyes with slitted pupils half-lidded in cold allure, full lips curled in a knowing smirk, small barnacle-like clusters studding one earlobe, faint iridescent sheen along her jawline. white background, simple background, teal overall hue, monochromatic teal.",9999,euler_ancestral,9,1.0,1024,1280,preset,Arthemy_Bench_HALF.json,ff680ad0a33ee142,2026-09-15 08:08:53
stage5_20260915_080853,stage5,A,83f2d26997da,rand_pos,C:\StabilityMatrix-win-x64\Data\Packages\ComfyUI\output\benchmark_stage5\renders,renders/G1_rand_pos_seed4242145_00001_.png,renders/G1_baseline_seed4242145_00001_.png,G1,30de058455,seatouched_teal,"Western comics style, bold ink outlines, hatched shadows, hard teal-tinted rim light glowing along the edges of her face, seductive simmering menace, seen from an extreme tilted low angle with her chin raised, extreme close-up on the head only, tight framing, sharp dutch angle. ageless female sea-touched woman, long dark hair fanning as if suspended in water, thin webbed fin-like ridges tracing along her temple, cyan skin, sharply arched eyebrows, a narrow straight nose, wide teal eyes with slitted pupils half-lidded in cold allure, full lips curled in a knowing smirk, small barnacle-like clusters studding one earlobe, faint iridescent sheen along her jawline. white background, simple background, teal overall hue, monochromatic teal.",4242145,euler_ancestral,9,1.0,1024,1280,preset_randsign,Arthemy_Bench_RANDSIGN.json,ff680ad0a33ee142,2026-09-15 08:08:53
stage5_20260915_080853,stage5,A,83f2d26997da,rand_pos,C:\StabilityMatrix-win-x64\Data\Packages\ComfyUI\output\benchmark_stage5\renders,renders/G1_rand_pos_seed42_00001_.png,renders/G1_baseline_seed42_00001_.png,G1,30de058455,seatouched_teal,"Western comics style, bold ink outlines, hatched shadows, hard teal-tinted rim light glowing along the edges of her face, seductive simmering menace, seen from an extreme tilted low angle with her chin raised, extreme close-up on the head only, tight framing, sharp dutch angle. ageless female sea-touched woman, long dark hair fanning as if suspended in water, thin webbed fin-like ridges tracing along her temple, cyan skin, sharply arched eyebrows, a narrow straight nose, wide teal eyes with slitted pupils half-lidded in cold allure, full lips curled in a knowing smirk, small barnacle-like clusters studding one earlobe, faint iridescent sheen along her jawline. white background, simple background, teal overall hue, monochromatic teal.",42,euler_ancestral,9,1.0,1024,1280,preset_randsign,Arthemy_Bench_RANDSIGN.json,ff680ad0a33ee142,2026-09-15 08:08:53
stage5_20260915_080853,stage5,A,83f2d26997da,rand_pos,C:\StabilityMatrix-win-x64\Data\Packages\ComfyUI\output\benchmark_stage5\renders,renders/G1_rand_pos_seed1337_00001_.png,renders/G1_baseline_seed1337_00001_.png,G1,30de058455,seatouched_teal,"Western comics style, bold ink outlines, hatched shadows, hard teal-tinted rim light glowing along the edges of her face, seductive simmering menace, seen from an extreme tilted low angle with her chin raised, extreme close-up on the head only, tight framing, sharp dutch angle. ageless female sea-touched woman, long dark hair fanning as if suspended in water, thin webbed fin-like ridges tracing along her temple, cyan skin, sharply arched eyebrows, a narrow straight nose, wide teal eyes with slitted pupils half-lidded in cold allure, full lips curled in a knowing smirk, small barnacle-like clusters studding one earlobe, faint iridescent sheen along her jawline. white background, simple background, teal overall hue, monochromatic teal.",1337,euler_ancestral,9,1.0,1024,1280,preset_randsign,Arthemy_Bench_RANDSIGN.json,ff680ad0a33ee142,2026-09-15 08:08:53
stage5_20260915_080853,stage5,A,83f2d26997da,rand_pos,C:\StabilityMatrix-win-x64\Data\Packages\ComfyUI\output\benchmark_stage5\renders,renders/G1_rand_pos_seed777_00001_.png,renders/G1_baseline_seed777_00001_.png,G1,30de058455,seatouched_teal,"Western comics style, bold ink outlines, hatched shadows, hard teal-tinted rim light glowing along the edges of her face, seductive simmering menace, seen from an extreme tilted low angle with her chin raised, extreme close-up on the head only, tight framing, sharp dutch angle. ageless female sea-touched woman, long dark hair fanning as if suspended in water, thin webbed fin-like ridges tracing along her temple, cyan skin, sharply arched eyebrows, a narrow straight nose, wide teal eyes with slitted pupils half-lidded in cold allure, full lips curled in a knowing smirk, small barnacle-like clusters studding one earlobe, faint iridescent sheen along her jawline. white background, simple background, teal overall hue, monochromatic teal.",777,euler_ancestral,9,1.0,1024,1280,preset_randsign,Arthemy_Bench_RANDSIGN.json,ff680ad0a33ee142,2026-09-15 08:08:53
stage5_20260915_080853,stage5,A,83f2d26997da,rand_pos,C:\StabilityMatrix-win-x64\Data\Packages\ComfyUI\output\benchmark_stage5\renders,renders/G1_rand_pos_seed9999_00001_.png,renders/G1_baseline_seed9999_00001_.png,G1,30de058455,seatouched_teal,"Western comics style, bold ink outlines, hatched shadows, hard teal-tinted rim light glowing along the edges of her face, seductive simmering menace, seen from an extreme tilted low angle with her chin raised, extreme close-up on the head only, tight framing, sharp dutch angle. ageless female sea-touched woman, long dark hair fanning as if suspended in water, thin webbed fin-like ridges tracing along her temple, cyan skin, sharply arched eyebrows, a narrow straight nose, wide teal eyes with slitted pupils half-lidded in cold allure, full lips curled in a knowing smirk, small barnacle-like clusters studding one earlobe, faint iridescent sheen along her jawline. white background, simple background, teal overall hue, monochromatic teal.",9999,euler_ancestral,9,1.0,1024,1280,preset_randsign,Arthemy_Bench_RANDSIGN.json,ff680ad0a33ee142,2026-09-15 08:08:53
stage5_20260915_080853,stage5,A,5d92895ebdf9,rand_neg,C:\StabilityMatrix-win-x64\Data\Packages\ComfyUI\output\benchmark_stage5\renders,renders/G1_rand_neg_seed4242145_00001_.png,renders/G1_baseline_seed4242145_00001_.png,G1,30de058455,seatouched_teal,"Western comics style, bold ink outlines, hatched shadows, hard teal-tinted rim light glowing along the edges of her face, seductive simmering menace, seen from an extreme tilted low angle with her chin raised, extreme close-up on the head only, tight framing, sharp dutch angle. ageless female sea-touched woman, long dark hair fanning as if suspended in water, thin webbed fin-like ridges tracing along her temple, cyan skin, sharply arched eyebrows, a narrow straight nose, wide teal eyes with slitted pupils half-lidded in cold allure, full lips curled in a knowing smirk, small barnacle-like clusters studding one earlobe, faint iridescent sheen along her jawline. white background, simple background, teal overall hue, monochromatic teal.",4242145,euler_ancestral,9,1.0,1024,1280,preset_randsign,Arthemy_Bench_RANDSIGN_NEG.json,ff680ad0a33ee142,2026-09-15 08:08:53
stage5_20260915_080853,stage5,A,5d92895ebdf9,rand_neg,C:\StabilityMatrix-win-x64\Data\Packages\ComfyUI\output\benchmark_stage5\renders,renders/G1_rand_neg_seed42_00001_.png,renders/G1_baseline_seed42_00001_.png,G1,30de058455,seatouched_teal,"Western comics style, bold ink outlines, hatched shadows, hard teal-tinted rim light glowing along the edges of her face, seductive simmering menace, seen from an extreme tilted low angle with her chin raised, extreme close-up on the head only, tight framing, sharp dutch angle. ageless female sea-touched woman, long dark hair fanning as if suspended in water, thin webbed fin-like ridges tracing along her temple, cyan skin, sharply arched eyebrows, a narrow straight nose, wide teal eyes with slitted pupils half-lidded in cold allure, full lips curled in a knowing smirk, small barnacle-like clusters studding one earlobe, faint iridescent sheen along her jawline. white background, simple background, teal overall hue, monochromatic teal.",42,euler_ancestral,9,1.0,1024,1280,preset_randsign,Arthemy_Bench_RANDSIGN_NEG.json,ff680ad0a33ee142,2026-09-15 08:08:53
stage5_20260915_080853,stage5,A,5d92895ebdf9,rand_neg,C:\StabilityMatrix-win-x64\Data\Packages\ComfyUI\output\benchmark_stage5\renders,renders/G1_rand_neg_seed1337_00001_.png,renders/G1_baseline_seed1337_00001_.png,G1,30de058455,seatouched_teal,"Western comics style, bold ink outlines, hatched shadows, hard teal-tinted rim light glowing along the edges of her face, seductive simmering menace, seen from an extreme tilted low angle with her chin raised, extreme close-up on the head only, tight framing, sharp dutch angle. ageless female sea-touched woman, long dark hair fanning as if suspended in water, thin webbed fin-like ridges tracing along her temple, cyan skin, sharply arched eyebrows, a narrow straight nose, wide teal eyes with slitted pupils half-lidded in cold allure, full lips curled in a knowing smirk, small barnacle-like clusters studding one earlobe, faint iridescent sheen along her jawline. white background, simple background, teal overall hue, monochromatic teal.",1337,euler_ancestral,9,1.0,1024,1280,preset_randsign,Arthemy_Bench_RANDSIGN_NEG.json,ff680ad0a33ee142,2026-09-15 08:08:53
stage5_20260915_080853,stage5,A,5d92895ebdf9,rand_neg,C:\StabilityMatrix-win-x64\Data\Packages\ComfyUI\output\benchmark_stage5\renders,renders/G1_rand_neg_seed777_00001_.png,renders/G1_baseline_seed777_00001_.png,G1,30de058455,seatouched_teal,"Western comics style, bold ink outlines, hatched shadows, hard teal-tinted rim light glowing along the edges of her face, seductive simmering menace, seen from an extreme tilted low angle with her chin raised, extreme close-up on the head only, tight framing, sharp dutch angle. ageless female sea-touched woman, long dark hair fanning as if suspended in water, thin webbed fin-like ridges tracing along her temple, cyan skin, sharply arched eyebrows, a narrow straight nose, wide teal eyes with slitted pupils half-lidded in cold allure, full lips curled in a knowing smirk, small barnacle-like clusters studding one earlobe, faint iridescent sheen along her jawline. white background, simple background, teal overall hue, monochromatic teal.",777,euler_ancestral,9,1.0,1024,1280,preset_randsign,Arthemy_Bench_RANDSIGN_NEG.json,ff680ad0a33ee142,2026-09-15 08:08:53
stage5_20260915_080853,stage5,A,5d92895ebdf9,rand_neg,C:\StabilityMatrix-win-x64\Data\Packages\ComfyUI\output\benchmark_stage5\renders,renders/G1_rand_neg_seed9999_00001_.png,renders/G1_baseline_seed9999_00001_.png,G1,30de058455,seatouched_teal,"Western comics style, bold ink outlines, hatched shadows, hard teal-tinted rim light glowing along the edges of her face, seductive simmering menace, seen from an extreme tilted low angle with her chin raised, extreme close-up on the head only, tight framing, sharp dutch angle. ageless female sea-touched woman, long dark hair fanning as if suspended in water, thin webbed fin-like ridges tracing along her temple, cyan skin, sharply arched eyebrows, a narrow straight nose, wide teal eyes with slitted pupils half-lidded in cold allure, full lips curled in a knowing smirk, small barnacle-like clusters studding one earlobe, faint iridescent sheen along her jawline. white background, simple background, teal overall hue, monochromatic teal.",9999,euler_ancestral,9,1.0,1024,1280,preset_randsign,Arthemy_Bench_RANDSIGN_NEG.json,ff680ad0a33ee142,2026-09-15 08:08:53
stage5_20260915_080853,stage5,A,449bac6a16bd,blockshuf_pos,C:\StabilityMatrix-win-x64\Data\Packages\ComfyUI\output\benchmark_stage5\renders,renders/G1_blockshuf_pos_seed4242145_00001_.png,renders/G1_baseline_seed4242145_00001_.png,G1,30de058455,seatouched_teal,"Western comics style, bold ink outlines, hatched shadows, hard teal-tinted rim light glowing along the edges of her face, seductive simmering menace, seen from an extreme tilted low angle with her chin raised, extreme close-up on the head only, tight framing, sharp dutch angle. ageless female sea-touched woman, long dark hair fanning as if suspended in water, thin webbed fin-like ridges tracing along her temple, cyan skin, sharply arched eyebrows, a narrow straight nose, wide teal eyes with slitted pupils half-lidded in cold allure, full lips curled in a knowing smirk, small barnacle-like clusters studding one earlobe, faint iridescent sheen along her jawline. white background, simple background, teal overall hue, monochromatic teal.",4242145,euler_ancestral,9,1.0,1024,1280,preset_blockshuffle,Arthemy_Bench_BLOCKSHUFFLE.json,ff680ad0a33ee142,2026-09-15 08:08:53
stage5_20260915_080853,stage5,A,449bac6a16bd,blockshuf_pos,C:\StabilityMatrix-win-x64\Data\Packages\ComfyUI\output\benchmark_stage5\renders,renders/G1_blockshuf_pos_seed42_00001_.png,renders/G1_baseline_seed42_00001_.png,G1,30de058455,seatouched_teal,"Western comics style, bold ink outlines, hatched shadows, hard teal-tinted rim light glowing along the edges of her face, seductive simmering menace, seen from an extreme tilted low angle with her chin raised, extreme close-up on the head only, tight framing, sharp dutch angle. ageless female sea-touched woman, long dark hair fanning as if suspended in water, thin webbed fin-like ridges tracing along her temple, cyan skin, sharply arched eyebrows, a narrow straight nose, wide teal eyes with slitted pupils half-lidded in cold allure, full lips curled in a knowing smirk, small barnacle-like clusters studding one earlobe, faint iridescent sheen along her jawline. white background, simple background, teal overall hue, monochromatic teal.",42,euler_ancestral,9,1.0,1024,1280,preset_blockshuffle,Arthemy_Bench_BLOCKSHUFFLE.json,ff680ad0a33ee142,2026-09-15 08:08:53
stage5_20260915_080853,stage5,A,449bac6a16bd,blockshuf_pos,C:\StabilityMatrix-win-x64\Data\Packages\ComfyUI\output\benchmark_stage5\renders,renders/G1_blockshuf_pos_seed1337_00001_.png,renders/G1_baseline_seed1337_00001_.png,G1,30de058455,seatouched_teal,"Western comics style, bold ink outlines, hatched shadows, hard teal-tinted rim light glowing along the edges of her face, seductive simmering menace, seen from an extreme tilted low angle with her chin raised, extreme close-up on the head only, tight framing, sharp dutch angle. ageless female sea-touched woman, long dark hair fanning as if suspended in water, thin webbed fin-like ridges tracing along her temple, cyan skin, sharply arched eyebrows, a narrow straight nose, wide teal eyes with slitted pupils half-lidded in cold allure, full lips curled in a knowing smirk, small barnacle-like clusters studding one earlobe, faint iridescent sheen along her jawline. white background, simple background, teal overall hue, monochromatic teal.",1337,euler_ancestral,9,1.0,1024,1280,preset_blockshuffle,Arthemy_Bench_BLOCKSHUFFLE.json,ff680ad0a33ee142,2026-09-15 08:08:53
stage5_20260915_080853,stage5,A,449bac6a16bd,blockshuf_pos,C:\StabilityMatrix-win-x64\Data\Packages\ComfyUI\output\benchmark_stage5\renders,renders/G1_blockshuf_pos_seed777_00001_.png,renders/G1_baseline_seed777_00001_.png,G1,30de058455,seatouched_teal,"Western comics style, bold ink outlines, hatched shadows, hard teal-tinted rim light glowing along the edges of her face, seductive simmering menace, seen from an extreme tilted low angle with her chin raised, extreme close-up on the head only, tight framing, sharp dutch angle. ageless female sea-touched woman, long dark hair fanning as if suspended in water, thin webbed fin-like ridges tracing along her temple, cyan skin, sharply arched eyebrows, a narrow straight nose, wide teal eyes with slitted pupils half-lidded in cold allure, full lips curled in a knowing smirk, small barnacle-like clusters studding one earlobe, faint iridescent sheen along her jawline. white background, simple background, teal overall hue, monochromatic teal.",777,euler_ancestral,9,1.0,1024,1280,preset_blockshuffle,Arthemy_Bench_BLOCKSHUFFLE.json,ff680ad0a33ee142,2026-09-15 08:08:53
stage5_20260915_080853,stage5,A,449bac6a16bd,blockshuf_pos,C:\StabilityMatrix-win-x64\Data\Packages\ComfyUI\output\benchmark_stage5\renders,renders/G1_blockshuf_pos_seed9999_00001_.png,renders/G1_baseline_seed9999_00001_.png,G1,30de058455,seatouched_teal,"Western comics style, bold ink outlines, hatched shadows, hard teal-tinted rim light glowing along the edges of her face, seductive simmering menace, seen from an extreme tilted low angle with her chin raised, extreme close-up on the head only, tight framing, sharp dutch angle. ageless female sea-touched woman, long dark hair fanning as if suspended in water, thin webbed fin-like ridges tracing along her temple, cyan skin, sharply arched eyebrows, a narrow straight nose, wide teal eyes with slitted pupils half-lidded in cold allure, full lips curled in a knowing smirk, small barnacle-like clusters studding one earlobe, faint iridescent sheen along her jawline. white background, simple background, teal overall hue, monochromatic teal.",9999,euler_ancestral,9,1.0,1024,1280,preset_blockshuffle,Arthemy_Bench_BLOCKSHUFFLE.json,ff680ad0a33ee142,2026-09-15 08:08:53
stage5_20260915_080853,stage5,A,9e5b7b90d6af,blockshuf_neg,C:\StabilityMatrix-win-x64\Data\Packages\ComfyUI\output\benchmark_stage5\renders,renders/G1_blockshuf_neg_seed4242145_00001_.png,renders/G1_baseline_seed4242145_00001_.png,G1,30de058455,seatouched_teal,"Western comics style, bold ink outlines, hatched shadows, hard teal-tinted rim light glowing along the edges of her face, seductive simmering menace, seen from an extreme tilted low angle with her chin raised, extreme close-up on the head only, tight framing, sharp dutch angle. ageless female sea-touched woman, long dark hair fanning as if suspended in water, thin webbed fin-like ridges tracing along her temple, cyan skin, sharply arched eyebrows, a narrow straight nose, wide teal eyes with slitted pupils half-lidded in cold allure, full lips curled in a knowing smirk, small barnacle-like clusters studding one earlobe, faint iridescent sheen along her jawline. white background, simple background, teal overall hue, monochromatic teal.",4242145,euler_ancestral,9,1.0,1024,1280,preset_blockshuffle,Arthemy_Bench_BLOCKSHUFFLE_NEG.json,ff680ad0a33ee142,2026-09-15 08:08:53
stage5_20260915_080853,stage5,A,9e5b7b90d6af,blockshuf_neg,C:\StabilityMatrix-win-x64\Data\Packages\ComfyUI\output\benchmark_stage5\renders,renders/G1_blockshuf_neg_seed42_00001_.png,renders/G1_baseline_seed42_00001_.png,G1,30de058455,seatouched_teal,"Western comics style, bold ink outlines, hatched shadows, hard teal-tinted rim light glowing along the edges of her face, seductive simmering menace, seen from an extreme tilted low angle with her chin raised, extreme close-up on the head only, tight framing, sharp dutch angle. ageless female sea-touched woman, long dark hair fanning as if suspended in water, thin webbed fin-like ridges tracing along her temple, cyan skin, sharply arched eyebrows, a narrow straight nose, wide teal eyes with slitted pupils half-lidded in cold allure, full lips curled in a knowing smirk, small barnacle-like clusters studding one earlobe, faint iridescent sheen along her jawline. white background, simple background, teal overall hue, monochromatic teal.",42,euler_ancestral,9,1.0,1024,1280,preset_blockshuffle,Arthemy_Bench_BLOCKSHUFFLE_NEG.json,ff680ad0a33ee142,2026-09-15 08:08:53
stage5_20260915_080853,stage5,A,9e5b7b90d6af,blockshuf_neg,C:\StabilityMatrix-win-x64\Data\Packages\ComfyUI\output\benchmark_stage5\renders,renders/G1_blockshuf_neg_seed1337_00001_.png,renders/G1_baseline_seed1337_00001_.png,G1,30de058455,seatouched_teal,"Western comics style, bold ink outlines, hatched shadows, hard teal-tinted rim light glowing along the edges of her face, seductive simmering menace, seen from an extreme tilted low angle with her chin raised, extreme close-up on the head only, tight framing, sharp dutch angle. ageless female sea-touched woman, long dark hair fanning as if suspended in water, thin webbed fin-like ridges tracing along her temple, cyan skin, sharply arched eyebrows, a narrow straight nose, wide teal eyes with slitted pupils half-lidded in cold allure, full lips curled in a knowing smirk, small barnacle-like clusters studding one earlobe, faint iridescent sheen along her jawline. white background, simple background, teal overall hue, monochromatic teal.",1337,euler_ancestral,9,1.0,1024,1280,preset_blockshuffle,Arthemy_Bench_BLOCKSHUFFLE_NEG.json,ff680ad0a33ee142,2026-09-15 08:08:53
stage5_20260915_080853,stage5,A,9e5b7b90d6af,blockshuf_neg,C:\StabilityMatrix-win-x64\Data\Packages\ComfyUI\output\benchmark_stage5\renders,renders/G1_blockshuf_neg_seed777_00001_.png,renders/G1_baseline_seed777_00001_.png,G1,30de058455,seatouched_teal,"Western comics style, bold ink outlines, hatched shadows, hard teal-tinted rim light glowing along the edges of her face, seductive simmering menace, seen from an extreme tilted low angle with her chin raised, extreme close-up on the head only, tight framing, sharp dutch angle. ageless female sea-touched woman, long dark hair fanning as if suspended in water, thin webbed fin-like ridges tracing along her temple, cyan skin, sharply arched eyebrows, a narrow straight nose, wide teal eyes with slitted pupils half-lidded in cold allure, full lips curled in a knowing smirk, small barnacle-like clusters studding one earlobe, faint iridescent sheen along her jawline. white background, simple background, teal overall hue, monochromatic teal.",777,euler_ancestral,9,1.0,1024,1280,preset_blockshuffle,Arthemy_Bench_BLOCKSHUFFLE_NEG.json,ff680ad0a33ee142,2026-09-15 08:08:53
stage5_20260915_080853,stage5,A,9e5b7b90d6af,blockshuf_neg,C:\StabilityMatrix-win-x64\Data\Packages\ComfyUI\output\benchmark_stage5\renders,renders/G1_blockshuf_neg_seed9999_00001_.png,renders/G1_baseline_seed9999_00001_.png,G1,30de058455,seatouched_teal,"Western comics style, bold ink outlines, hatched shadows, hard teal-tinted rim light glowing along the edges of her face, seductive simmering menace, seen from an extreme tilted low angle with her chin raised, extreme close-up on the head only, tight framing, sharp dutch angle. ageless female sea-touched woman, long dark hair fanning as if suspended in water, thin webbed fin-like ridges tracing along her temple, cyan skin, sharply arched eyebrows, a narrow straight nose, wide teal eyes with slitted pupils half-lidded in cold allure, full lips curled in a knowing smirk, small barnacle-like clusters studding one earlobe, faint iridescent sheen along her jawline. white background, simple background, teal overall hue, monochromatic teal.",9999,euler_ancestral,9,1.0,1024,1280,preset_blockshuffle,Arthemy_Bench_BLOCKSHUFFLE_NEG.json,ff680ad0a33ee142,2026-09-15 08:08:53
stage5_20260915_080853,stage5,A,74d1f804c25e,baseline,C:\StabilityMatrix-win-x64\Data\Packages\ComfyUI\output\benchmark_stage5\renders,renders/G2_baseline_seed4242145_00001_.png,renders/G2_baseline_seed4242145_00001_.png,G2,c6a4015aae,goblin_yellow,"Western comics style, bold ink outlines, hatched shadows, hard yellow-tinted rim light glowing along the edges of his face, sly calculating grin, seen from an extreme low tilted angle looking sharply up his chin, extreme close-up on the head only, tight framing, steep dutch angle. middle-aged male goblin, mottled olive-green skin, greasy tufts of black hair slicked into a lopsided topknot, one eyebrow arched high in shrewd amusement, small beady yellow eyes darting sideways, a long hooked nose with a slight downward curve, wide crooked grin showing several missing teeth, a small brass loop pierced through one nostril, thin wispy chin-whiskers braided into a point. white background, simple background, yellow overall hue, monochromatic yellow.",4242145,euler_ancestral,9,1.0,1024,1280,baseline,,ff680ad0a33ee142,2026-09-15 08:08:53
stage5_20260915_080853,stage5,A,533afc52a97f,baseline,C:\StabilityMatrix-win-x64\Data\Packages\ComfyUI\output\benchmark_stage5\renders,renders/G2_baseline_seed42_00001_.png,renders/G2_baseline_seed42_00001_.png,G2,c6a4015aae,goblin_yellow,"Western comics style, bold ink outlines, hatched shadows, hard yellow-tinted rim light glowing along the edges of his face, sly calculating grin, seen from an extreme low tilted angle looking sharply up his chin, extreme close-up on the head only, tight framing, steep dutch angle. middle-aged male goblin, mottled olive-green skin, greasy tufts of black hair slicked into a lopsided topknot, one eyebrow arched high in shrewd amusement, small beady yellow eyes darting sideways, a long hooked nose with a slight downward curve, wide crooked grin showing several missing teeth, a small brass loop pierced through one nostril, thin wispy chin-whiskers braided into a point. white background, simple background, yellow overall hue, monochromatic yellow.",42,euler_ancestral,9,1.0,1024,1280,baseline,,ff680ad0a33ee142,2026-09-15 08:08:53
stage5_20260915_080853,stage5,A,db3931faa5cf,baseline,C:\StabilityMatrix-win-x64\Data\Packages\ComfyUI\output\benchmark_stage5\renders,renders/G2_baseline_seed1337_00001_.png,renders/G2_baseline_seed1337_00001_.png,G2,c6a4015aae,goblin_yellow,"Western comics style, bold ink outlines, hatched shadows, hard yellow-tinted rim light glowing along the edges of his face, sly calculating grin, seen from an extreme low tilted angle looking sharply up his chin, extreme close-up on the head only, tight framing, steep dutch angle. middle-aged male goblin, mottled olive-green skin, greasy tufts of black hair slicked into a lopsided topknot, one eyebrow arched high in shrewd amusement, small beady yellow eyes darting sideways, a long hooked nose with a slight downward curve, wide crooked grin showing several missing teeth, a small brass loop pierced through one nostril, thin wispy chin-whiskers braided into a point. white background, simple background, yellow overall hue, monochromatic yellow.",1337,euler_ancestral,9,1.0,1024,1280,baseline,,ff680ad0a33ee142,2026-09-15 08:08:53
stage5_20260915_080853,stage5,A,eadc0768569f,baseline,C:\StabilityMatrix-win-x64\Data\Packages\ComfyUI\output\benchmark_stage5\renders,renders/G2_baseline_seed777_00001_.png,renders/G2_baseline_seed777_00001_.png,G2,c6a4015aae,goblin_yellow,"Western comics style, bold ink outlines, hatched shadows, hard yellow-tinted rim light glowing along the edges of his face, sly calculating grin, seen from an extreme low tilted angle looking sharply up his chin, extreme close-up on the head only, tight framing, steep dutch angle. middle-aged male goblin, mottled olive-green skin, greasy tufts of black hair slicked into a lopsided topknot, one eyebrow arched high in shrewd amusement, small beady yellow eyes darting sideways, a long hooked nose with a slight downward curve, wide crooked grin showing several missing teeth, a small brass loop pierced through one nostril, thin wispy chin-whiskers braided into a point. white background, simple background, yellow overall hue, monochromatic yellow.",777,euler_ancestral,9,1.0,1024,1280,baseline,,ff680ad0a33ee142,2026-09-15 08:08:53
stage5_20260915_080853,stage5,A,66d277161d00,baseline,C:\StabilityMatrix-win-x64\Data\Packages\ComfyUI\output\benchmark_stage5\renders,renders/G2_baseline_seed9999_00001_.png,renders/G2_baseline_seed9999_00001_.png,G2,c6a4015aae,goblin_yellow,"Western comics style, bold ink outlines, hatched shadows, hard yellow-tinted rim light glowing along the edges of his face, sly calculating grin, seen from an extreme low tilted angle looking sharply up his chin, extreme close-up on the head only, tight framing, steep dutch angle. middle-aged male goblin, mottled olive-green skin, greasy tufts of black hair slicked into a lopsided topknot, one eyebrow arched high in shrewd amusement, small beady yellow eyes darting sideways, a long hooked nose with a slight downward curve, wide crooked grin showing several missing teeth, a small brass loop pierced through one nostril, thin wispy chin-whiskers braided into a point. white background, simple background, yellow overall hue, monochromatic yellow.",9999,euler_ancestral,9,1.0,1024,1280,baseline,,ff680ad0a33ee142,2026-09-15 08:08:53
stage5_20260915_080853,stage5,A,92b9eee42f66,baseline,C:\StabilityMatrix-win-x64\Data\Packages\ComfyUI\output\benchmark_stage5\renders,renders/G2_baseline_seed101_00001_.png,renders/G2_baseline_seed101_00001_.png,G2,c6a4015aae,goblin_yellow,"Western comics style, bold ink outlines, hatched shadows, hard yellow-tinted rim light glowing along the edges of his face, sly calculating grin, seen from an extreme low tilted angle looking sharply up his chin, extreme close-up on the head only, tight framing, steep dutch angle. middle-aged male goblin, mottled olive-green skin, greasy tufts of black hair slicked into a lopsided topknot, one eyebrow arched high in shrewd amusement, small beady yellow eyes darting sideways, a long hooked nose with a slight downward curve, wide crooked grin showing several missing teeth, a small brass loop pierced through one nostril, thin wispy chin-whiskers braided into a point. white background, simple background, yellow overall hue, monochromatic yellow.",101,euler_ancestral,9,1.0,1024,1280,baseline,,ff680ad0a33ee142,2026-09-15 08:08:53
stage5_20260915_080853,stage5,A,31e84aa84fac,baseline,C:\StabilityMatrix-win-x64\Data\Packages\ComfyUI\output\benchmark_stage5\renders,renders/G2_baseline_seed102_00001_.png,renders/G2_baseline_seed102_00001_.png,G2,c6a4015aae,goblin_yellow,"Western comics style, bold ink outlines, hatched shadows, hard yellow-tinted rim light glowing along the edges of his face, sly calculating grin, seen from an extreme low tilted angle looking sharply up his chin, extreme close-up on the head only, tight framing, steep dutch angle. middle-aged male goblin, mottled olive-green skin, greasy tufts of black hair slicked into a lopsided topknot, one eyebrow arched high in shrewd amusement, small beady yellow eyes darting sideways, a long hooked nose with a slight downward curve, wide crooked grin showing several missing teeth, a small brass loop pierced through one nostril, thin wispy chin-whiskers braided into a point. white background, simple background, yellow overall hue, monochromatic yellow.",102,euler_ancestral,9,1.0,1024,1280,baseline,,ff680ad0a33ee142,2026-09-15 08:08:53
stage5_20260915_080853,stage5,A,ee4242830086,baseline,C:\StabilityMatrix-win-x64\Data\Packages\ComfyUI\output\benchmark_stage5\renders,renders/G2_baseline_seed103_00001_.png,renders/G2_baseline_seed103_00001_.png,G2,c6a4015aae,goblin_yellow,"Western comics style, bold ink outlines, hatched shadows, hard yellow-tinted rim light glowing along the edges of his face, sly calculating grin, seen from an extreme low tilted angle looking sharply up his chin, extreme close-up on the head only, tight framing, steep dutch angle. middle-aged male goblin, mottled olive-green skin, greasy tufts of black hair slicked into a lopsided topknot, one eyebrow arched high in shrewd amusement, small beady yellow eyes darting sideways, a long hooked nose with a slight downward curve, wide crooked grin showing several missing teeth, a small brass loop pierced through one nostril, thin wispy chin-whiskers braided into a point. white background, simple background, yellow overall hue, monochromatic yellow.",103,euler_ancestral,9,1.0,1024,1280,baseline,,ff680ad0a33ee142,2026-09-15 08:08:53
stage5_20260915_080853,stage5,A,7675507fdde3,baseline,C:\StabilityMatrix-win-x64\Data\Packages\ComfyUI\output\benchmark_stage5\renders,renders/G2_baseline_seed104_00001_.png,renders/G2_baseline_seed104_00001_.png,G2,c6a4015aae,goblin_yellow,"Western comics style, bold ink outlines, hatched shadows, hard yellow-tinted rim light glowing along the edges of his face, sly calculating grin, seen from an extreme low tilted angle looking sharply up his chin, extreme close-up on the head only, tight framing, steep dutch angle. middle-aged male goblin, mottled olive-green skin, greasy tufts of black hair slicked into a lopsided topknot, one eyebrow arched high in shrewd amusement, small beady yellow eyes darting sideways, a long hooked nose with a slight downward curve, wide crooked grin showing several missing teeth, a small brass loop pierced through one nostril, thin wispy chin-whiskers braided into a point. white background, simple background, yellow overall hue, monochromatic yellow.",104,euler_ancestral,9,1.0,1024,1280,baseline,,ff680ad0a33ee142,2026-09-15 08:08:53
stage5_20260915_080853,stage5,A,01cee34390ef,baseline,C:\StabilityMatrix-win-x64\Data\Packages\ComfyUI\output\benchmark_stage5\renders,renders/G2_baseline_seed105_00001_.png,renders/G2_baseline_seed105_00001_.png,G2,c6a4015aae,goblin_yellow,"Western comics style, bold ink outlines, hatched shadows, hard yellow-tinted rim light glowing along the edges of his face, sly calculating grin, seen from an extreme low tilted angle looking sharply up his chin, extreme close-up on the head only, tight framing, steep dutch angle. middle-aged male goblin, mottled olive-green skin, greasy tufts of black hair slicked into a lopsided topknot, one eyebrow arched high in shrewd amusement, small beady yellow eyes darting sideways, a long hooked nose with a slight downward curve, wide crooked grin showing several missing teeth, a small brass loop pierced through one nostril, thin wispy chin-whiskers braided into a point. white background, simple background, yellow overall hue, monochromatic yellow.",105,euler_ancestral,9,1.0,1024,1280,baseline,,ff680ad0a33ee142,2026-09-15 08:08:53
stage5_20260915_080853,stage5,A,1b2e4a0bd604,baseline,C:\StabilityMatrix-win-x64\Data\Packages\ComfyUI\output\benchmark_stage5\renders,renders/G2_baseline_seed106_00001_.png,renders/G2_baseline_seed106_00001_.png,G2,c6a4015aae,goblin_yellow,"Western comics style, bold ink outlines, hatched shadows, hard yellow-tinted rim light glowing along the edges of his face, sly calculating grin, seen from an extreme low tilted angle looking sharply up his chin, extreme close-up on the head only, tight framing, steep dutch angle. middle-aged male goblin, mottled olive-green skin, greasy tufts of black hair slicked into a lopsided topknot, one eyebrow arched high in shrewd amusement, small beady yellow eyes darting sideways, a long hooked nose with a slight downward curve, wide crooked grin showing several missing teeth, a small brass loop pierced through one nostril, thin wispy chin-whiskers braided into a point. white background, simple background, yellow overall hue, monochromatic yellow.",106,euler_ancestral,9,1.0,1024,1280,baseline,,ff680ad0a33ee142,2026-09-15 08:08:53
stage5_20260915_080853,stage5,A,6f96fd9084c6,baseline,C:\StabilityMatrix-win-x64\Data\Packages\ComfyUI\output\benchmark_stage5\renders,renders/G2_baseline_seed107_00001_.png,renders/G2_baseline_seed107_00001_.png,G2,c6a4015aae,goblin_yellow,"Western comics style, bold ink outlines, hatched shadows, hard yellow-tinted rim light glowing along the edges of his face, sly calculating grin, seen from an extreme low tilted angle looking sharply up his chin, extreme close-up on the head only, tight framing, steep dutch angle. middle-aged male goblin, mottled olive-green skin, greasy tufts of black hair slicked into a lopsided topknot, one eyebrow arched high in shrewd amusement, small beady yellow eyes darting sideways, a long hooked nose with a slight downward curve, wide crooked grin showing several missing teeth, a small brass loop pierced through one nostril, thin wispy chin-whiskers braided into a point. white background, simple background, yellow overall hue, monochromatic yellow.",107,euler_ancestral,9,1.0,1024,1280,baseline,,ff680ad0a33ee142,2026-09-15 08:08:53
stage5_20260915_080853,stage5,A,dcd87baafdef,baseline,C:\StabilityMatrix-win-x64\Data\Packages\ComfyUI\output\benchmark_stage5\renders,renders/G2_baseline_seed108_00001_.png,renders/G2_baseline_seed108_00001_.png,G2,c6a4015aae,goblin_yellow,"Western comics style, bold ink outlines, hatched shadows, hard yellow-tinted rim light glowing along the edges of his face, sly calculating grin, seen from an extreme low tilted angle looking sharply up his chin, extreme close-up on the head only, tight framing, steep dutch angle. middle-aged male goblin, mottled olive-green skin, greasy tufts of black hair slicked into a lopsided topknot, one eyebrow arched high in shrewd amusement, small beady yellow eyes darting sideways, a long hooked nose with a slight downward curve, wide crooked grin showing several missing teeth, a small brass loop pierced through one nostril, thin wispy chin-whiskers braided into a point. white background, simple background, yellow overall hue, monochromatic yellow.",108,euler_ancestral,9,1.0,1024,1280,baseline,,ff680ad0a33ee142,2026-09-15 08:08:53
stage5_20260915_080853,stage5,A,5f56b9a2f9c7,baseline,C:\StabilityMatrix-win-x64\Data\Packages\ComfyUI\output\benchmark_stage5\renders,renders/G2_baseline_seed109_00001_.png,renders/G2_baseline_seed109_00001_.png,G2,c6a4015aae,goblin_yellow,"Western comics style, bold ink outlines, hatched shadows, hard yellow-tinted rim light glowing along the edges of his face, sly calculating grin, seen from an extreme low tilted angle looking sharply up his chin, extreme close-up on the head only, tight framing, steep dutch angle. middle-aged male goblin, mottled olive-green skin, greasy tufts of black hair slicked into a lopsided topknot, one eyebrow arched high in shrewd amusement, small beady yellow eyes darting sideways, a long hooked nose with a slight downward curve, wide crooked grin showing several missing teeth, a small brass loop pierced through one nostril, thin wispy chin-whiskers braided into a point. white background, simple background, yellow overall hue, monochromatic yellow.",109,euler_ancestral,9,1.0,1024,1280,baseline,,ff680ad0a33ee142,2026-09-15 08:08:53
stage5_20260915_080853,stage5,A,d6a5001a07f1,baseline,C:\StabilityMatrix-win-x64\Data\Packages\ComfyUI\output\benchmark_stage5\renders,renders/G2_baseline_seed110_00001_.png,renders/G2_baseline_seed110_00001_.png,G2,c6a4015aae,goblin_yellow,"Western comics style, bold ink outlines, hatched shadows, hard yellow-tinted rim light glowing along the edges of his face, sly calculating grin, seen from an extreme low tilted angle looking sharply up his chin, extreme close-up on the head only, tight framing, steep dutch angle. middle-aged male goblin, mottled olive-green skin, greasy tufts of black hair slicked into a lopsided topknot, one eyebrow arched high in shrewd amusement, small beady yellow eyes darting sideways, a long hooked nose with a slight downward curve, wide crooked grin showing several missing teeth, a small brass loop pierced through one nostril, thin wispy chin-whiskers braided into a point. white background, simple background, yellow overall hue, monochromatic yellow.",110,euler_ancestral,9,1.0,1024,1280,baseline,,ff680ad0a33ee142,2026-09-15 08:08:53
stage5_20260915_080853,stage5,A,ad83231e6fda,preset_pos,C:\StabilityMatrix-win-x64\Data\Packages\ComfyUI\output\benchmark_stage5\renders,renders/G2_preset_pos_seed4242145_00001_.png,renders/G2_baseline_seed4242145_00001_.png,G2,c6a4015aae,goblin_yellow,"Western comics style, bold ink outlines, hatched shadows, hard yellow-tinted rim light glowing along the edges of his face, sly calculating grin, seen from an extreme low tilted angle looking sharply up his chin, extreme close-up on the head only, tight framing, steep dutch angle. middle-aged male goblin, mottled olive-green skin, greasy tufts of black hair slicked into a lopsided topknot, one eyebrow arched high in shrewd amusement, small beady yellow eyes darting sideways, a long hooked nose with a slight downward curve, wide crooked grin showing several missing teeth, a small brass loop pierced through one nostril, thin wispy chin-whiskers braided into a point. white background, simple background, yellow overall hue, monochromatic yellow.",4242145,euler_ancestral,9,1.0,1024,1280,preset,Arthemy_Bench_Base.json,ff680ad0a33ee142,2026-09-15 08:08:53
stage5_20260915_080853,stage5,A,ad83231e6fda,preset_pos,C:\StabilityMatrix-win-x64\Data\Packages\ComfyUI\output\benchmark_stage5\renders,renders/G2_preset_pos_seed42_00001_.png,renders/G2_baseline_seed42_00001_.png,G2,c6a4015aae,goblin_yellow,"Western comics style, bold ink outlines, hatched shadows, hard yellow-tinted rim light glowing along the edges of his face, sly calculating grin, seen from an extreme low tilted angle looking sharply up his chin, extreme close-up on the head only, tight framing, steep dutch angle. middle-aged male goblin, mottled olive-green skin, greasy tufts of black hair slicked into a lopsided topknot, one eyebrow arched high in shrewd amusement, small beady yellow eyes darting sideways, a long hooked nose with a slight downward curve, wide crooked grin showing several missing teeth, a small brass loop pierced through one nostril, thin wispy chin-whiskers braided into a point. white background, simple background, yellow overall hue, monochromatic yellow.",42,euler_ancestral,9,1.0,1024,1280,preset,Arthemy_Bench_Base.json,ff680ad0a33ee142,2026-09-15 08:08:53
stage5_20260915_080853,stage5,A,ad83231e6fda,preset_pos,C:\StabilityMatrix-win-x64\Data\Packages\ComfyUI\output\benchmark_stage5\renders,renders/G2_preset_pos_seed1337_00001_.png,renders/G2_baseline_seed1337_00001_.png,G2,c6a4015aae,goblin_yellow,"Western comics style, bold ink outlines, hatched shadows, hard yellow-tinted rim light glowing along the edges of his face, sly calculating grin, seen from an extreme low tilted angle looking sharply up his chin, extreme close-up on the head only, tight framing, steep dutch angle. middle-aged male goblin, mottled olive-green skin, greasy tufts of black hair slicked into a lopsided topknot, one eyebrow arched high in shrewd amusement, small beady yellow eyes darting sideways, a long hooked nose with a slight downward curve, wide crooked grin showing several missing teeth, a small brass loop pierced through one nostril, thin wispy chin-whiskers braided into a point. white background, simple background, yellow overall hue, monochromatic yellow.",1337,euler_ancestral,9,1.0,1024,1280,preset,Arthemy_Bench_Base.json,ff680ad0a33ee142,2026-09-15 08:08:53
stage5_20260915_080853,stage5,A,ad83231e6fda,preset_pos,C:\StabilityMatrix-win-x64\Data\Packages\ComfyUI\output\benchmark_stage5\renders,renders/G2_preset_pos_seed777_00001_.png,renders/G2_baseline_seed777_00001_.png,G2,c6a4015aae,goblin_yellow,"Western comics style, bold ink outlines, hatched shadows, hard yellow-tinted rim light glowing along the edges of his face, sly calculating grin, seen from an extreme low tilted angle looking sharply up his chin, extreme close-up on the head only, tight framing, steep dutch angle. middle-aged male goblin, mottled olive-green skin, greasy tufts of black hair slicked into a lopsided topknot, one eyebrow arched high in shrewd amusement, small beady yellow eyes darting sideways, a long hooked nose with a slight downward curve, wide crooked grin showing several missing teeth, a small brass loop pierced through one nostril, thin wispy chin-whiskers braided into a point. white background, simple background, yellow overall hue, monochromatic yellow.",777,euler_ancestral,9,1.0,1024,1280,preset,Arthemy_Bench_Base.json,ff680ad0a33ee142,2026-09-15 08:08:53
stage5_20260915_080853,stage5,A,ad83231e6fda,preset_pos,C:\StabilityMatrix-win-x64\Data\Packages\ComfyUI\output\benchmark_stage5\renders,renders/G2_preset_pos_seed9999_00001_.png,renders/G2_baseline_seed9999_00001_.png,G2,c6a4015aae,goblin_yellow,"Western comics style, bold ink outlines, hatched shadows, hard yellow-tinted rim light glowing along the edges of his face, sly calculating grin, seen from an extreme low tilted angle looking sharply up his chin, extreme close-up on the head only, tight framing, steep dutch angle. middle-aged male goblin, mottled olive-green skin, greasy tufts of black hair slicked into a lopsided topknot, one eyebrow arched high in shrewd amusement, small beady yellow eyes darting sideways, a long hooked nose with a slight downward curve, wide crooked grin showing several missing teeth, a small brass loop pierced through one nostril, thin wispy chin-whiskers braided into a point. white background, simple background, yellow overall hue, monochromatic yellow.",9999,euler_ancestral,9,1.0,1024,1280,preset,Arthemy_Bench_Base.json,ff680ad0a33ee142,2026-09-15 08:08:53
stage5_20260915_080853,stage5,A,12421b7e9805,preset_neg,C:\StabilityMatrix-win-x64\Data\Packages\ComfyUI\output\benchmark_stage5\renders,renders/G2_preset_neg_seed4242145_00001_.png,renders/G2_baseline_seed4242145_00001_.png,G2,c6a4015aae,goblin_yellow,"Western comics style, bold ink outlines, hatched shadows, hard yellow-tinted rim light glowing along the edges of his face, sly calculating grin, seen from an extreme low tilted angle looking sharply up his chin, extreme close-up on the head only, tight framing, steep dutch angle. middle-aged male goblin, mottled olive-green skin, greasy tufts of black hair slicked into a lopsided topknot, one eyebrow arched high in shrewd amusement, small beady yellow eyes darting sideways, a long hooked nose with a slight downward curve, wide crooked grin showing several missing teeth, a small brass loop pierced through one nostril, thin wispy chin-whiskers braided into a point. white background, simple background, yellow overall hue, monochromatic yellow.",4242145,euler_ancestral,9,1.0,1024,1280,preset,Arthemy_Bench_NEG.json,ff680ad0a33ee142,2026-09-15 08:08:53
stage5_20260915_080853,stage5,A,12421b7e9805,preset_neg,C:\StabilityMatrix-win-x64\Data\Packages\ComfyUI\output\benchmark_stage5\renders,renders/G2_preset_neg_seed42_00001_.png,renders/G2_baseline_seed42_00001_.png,G2,c6a4015aae,goblin_yellow,"Western comics style, bold ink outlines, hatched shadows, hard yellow-tinted rim light glowing along the edges of his face, sly calculating grin, seen from an extreme low tilted angle looking sharply up his chin, extreme close-up on the head only, tight framing, steep dutch angle. middle-aged male goblin, mottled olive-green skin, greasy tufts of black hair slicked into a lopsided topknot, one eyebrow arched high in shrewd amusement, small beady yellow eyes darting sideways, a long hooked nose with a slight downward curve, wide crooked grin showing several missing teeth, a small brass loop pierced through one nostril, thin wispy chin-whiskers braided into a point. white background, simple background, yellow overall hue, monochromatic yellow.",42,euler_ancestral,9,1.0,1024,1280,preset,Arthemy_Bench_NEG.json,ff680ad0a33ee142,2026-09-15 08:08:53
stage5_20260915_080853,stage5,A,12421b7e9805,preset_neg,C:\StabilityMatrix-win-x64\Data\Packages\ComfyUI\output\benchmark_stage5\renders,renders/G2_preset_neg_seed1337_00001_.png,renders/G2_baseline_seed1337_00001_.png,G2,c6a4015aae,goblin_yellow,"Western comics style, bold ink outlines, hatched shadows, hard yellow-tinted rim light glowing along the edges of his face, sly calculating grin, seen from an extreme low tilted angle looking sharply up his chin, extreme close-up on the head only, tight framing, steep dutch angle. middle-aged male goblin, mottled olive-green skin, greasy tufts of black hair slicked into a lopsided topknot, one eyebrow arched high in shrewd amusement, small beady yellow eyes darting sideways, a long hooked nose with a slight downward curve, wide crooked grin showing several missing teeth, a small brass loop pierced through one nostril, thin wispy chin-whiskers braided into a point. white background, simple background, yellow overall hue, monochromatic yellow.",1337,euler_ancestral,9,1.0,1024,1280,preset,Arthemy_Bench_NEG.json,ff680ad0a33ee142,2026-09-15 08:08:53
stage5_20260915_080853,stage5,A,12421b7e9805,preset_neg,C:\StabilityMatrix-win-x64\Data\Packages\ComfyUI\output\benchmark_stage5\renders,renders/G2_preset_neg_seed777_00001_.png,renders/G2_baseline_seed777_00001_.png,G2,c6a4015aae,goblin_yellow,"Western comics style, bold ink outlines, hatched shadows, hard yellow-tinted rim light glowing along the edges of his face, sly calculating grin, seen from an extreme low tilted angle looking sharply up his chin, extreme close-up on the head only, tight framing, steep dutch angle. middle-aged male goblin, mottled olive-green skin, greasy tufts of black hair slicked into a lopsided topknot, one eyebrow arched high in shrewd amusement, small beady yellow eyes darting sideways, a long hooked nose with a slight downward curve, wide crooked grin showing several missing teeth, a small brass loop pierced through one nostril, thin wispy chin-whiskers braided into a point. white background, simple background, yellow overall hue, monochromatic yellow.",777,euler_ancestral,9,1.0,1024,1280,preset,Arthemy_Bench_NEG.json,ff680ad0a33ee142,2026-09-15 08:08:53
stage5_20260915_080853,stage5,A,12421b7e9805,preset_neg,C:\StabilityMatrix-win-x64\Data\Packages\ComfyUI\output\benchmark_stage5\renders,renders/G2_preset_neg_seed9999_00001_.png,renders/G2_baseline_seed9999_00001_.png,G2,c6a4015aae,goblin_yellow,"Western comics style, bold ink outlines, hatched shadows, hard yellow-tinted rim light glowing along the edges of his face, sly calculating grin, seen from an extreme low tilted angle looking sharply up his chin, extreme close-up on the head only, tight framing, steep dutch angle. middle-aged male goblin, mottled olive-green skin, greasy tufts of black hair slicked into a lopsided topknot, one eyebrow arched high in shrewd amusement, small beady yellow eyes darting sideways, a long hooked nose with a slight downward curve, wide crooked grin showing several missing teeth, a small brass loop pierced through one nostril, thin wispy chin-whiskers braided into a point. white background, simple background, yellow overall hue, monochromatic yellow.",9999,euler_ancestral,9,1.0,1024,1280,preset,Arthemy_Bench_NEG.json,ff680ad0a33ee142,2026-09-15 08:08:53
stage5_20260915_080853,stage5,A,17f3ed1f0d34,preset_half,C:\StabilityMatrix-win-x64\Data\Packages\ComfyUI\output\benchmark_stage5\renders,renders/G2_preset_half_seed4242145_00001_.png,renders/G2_baseline_seed4242145_00001_.png,G2,c6a4015aae,goblin_yellow,"Western comics style, bold ink outlines, hatched shadows, hard yellow-tinted rim light glowing along the edges of his face, sly calculating grin, seen from an extreme low tilted angle looking sharply up his chin, extreme close-up on the head only, tight framing, steep dutch angle. middle-aged male goblin, mottled olive-green skin, greasy tufts of black hair slicked into a lopsided topknot, one eyebrow arched high in shrewd amusement, small beady yellow eyes darting sideways, a long hooked nose with a slight downward curve, wide crooked grin showing several missing teeth, a small brass loop pierced through one nostril, thin wispy chin-whiskers braided into a point. white background, simple background, yellow overall hue, monochromatic yellow.",4242145,euler_ancestral,9,1.0,1024,1280,preset,Arthemy_Bench_HALF.json,ff680ad0a33ee142,2026-09-15 08:08:53
stage5_20260915_080853,stage5,A,17f3ed1f0d34,preset_half,C:\StabilityMatrix-win-x64\Data\Packages\ComfyUI\output\benchmark_stage5\renders,renders/G2_preset_half_seed42_00001_.png,renders/G2_baseline_seed42_00001_.png,G2,c6a4015aae,goblin_yellow,"Western comics style, bold ink outlines, hatched shadows, hard yellow-tinted rim light glowing along the edges of his face, sly calculating grin, seen from an extreme low tilted angle looking sharply up his chin, extreme close-up on the head only, tight framing, steep dutch angle. middle-aged male goblin, mottled olive-green skin, greasy tufts of black hair slicked into a lopsided topknot, one eyebrow arched high in shrewd amusement, small beady yellow eyes darting sideways, a long hooked nose with a slight downward curve, wide crooked grin showing several missing teeth, a small brass loop pierced through one nostril, thin wispy chin-whiskers braided into a point. white background, simple background, yellow overall hue, monochromatic yellow.",42,euler_ancestral,9,1.0,1024,1280,preset,Arthemy_Bench_HALF.json,ff680ad0a33ee142,2026-09-15 08:08:53
stage5_20260915_080853,stage5,A,17f3ed1f0d34,preset_half,C:\StabilityMatrix-win-x64\Data\Packages\ComfyUI\output\benchmark_stage5\renders,renders/G2_preset_half_seed1337_00001_.png,renders/G2_baseline_seed1337_00001_.png,G2,c6a4015aae,goblin_yellow,"Western comics style, bold ink outlines, hatched shadows, hard yellow-tinted rim light glowing along the edges of his face, sly calculating grin, seen from an extreme low tilted angle looking sharply up his chin, extreme close-up on the head only, tight framing, steep dutch angle. middle-aged male goblin, mottled olive-green skin, greasy tufts of black hair slicked into a lopsided topknot, one eyebrow arched high in shrewd amusement, small beady yellow eyes darting sideways, a long hooked nose with a slight downward curve, wide crooked grin showing several missing teeth, a small brass loop pierced through one nostril, thin wispy chin-whiskers braided into a point. white background, simple background, yellow overall hue, monochromatic yellow.",1337,euler_ancestral,9,1.0,1024,1280,preset,Arthemy_Bench_HALF.json,ff680ad0a33ee142,2026-09-15 08:08:53
stage5_20260915_080853,stage5,A,17f3ed1f0d34,preset_half,C:\StabilityMatrix-win-x64\Data\Packages\ComfyUI\output\benchmark_stage5\renders,renders/G2_preset_half_seed777_00001_.png,renders/G2_baseline_seed777_00001_.png,G2,c6a4015aae,goblin_yellow,"Western comics style, bold ink outlines, hatched shadows, hard yellow-tinted rim light glowing along the edges of his face, sly calculating grin, seen from an extreme low tilted angle looking sharply up his chin, extreme close-up on the head only, tight framing, steep dutch angle. middle-aged male goblin, mottled olive-green skin, greasy tufts of black hair slicked into a lopsided topknot, one eyebrow arched high in shrewd amusement, small beady yellow eyes darting sideways, a long hooked nose with a slight downward curve, wide crooked grin showing several missing teeth, a small brass loop pierced through one nostril, thin wispy chin-whiskers braided into a point. white background, simple background, yellow overall hue, monochromatic yellow.",777,euler_ancestral,9,1.0,1024,1280,preset,Arthemy_Bench_HALF.json,ff680ad0a33ee142,2026-09-15 08:08:53
stage5_20260915_080853,stage5,A,17f3ed1f0d34,preset_half,C:\StabilityMatrix-win-x64\Data\Packages\ComfyUI\output\benchmark_stage5\renders,renders/G2_preset_half_seed9999_00001_.png,renders/G2_baseline_seed9999_00001_.png,G2,c6a4015aae,goblin_yellow,"Western comics style, bold ink outlines, hatched shadows, hard yellow-tinted rim light glowing along the edges of his face, sly calculating grin, seen from an extreme low tilted angle looking sharply up his chin, extreme close-up on the head only, tight framing, steep dutch angle. middle-aged male goblin, mottled olive-green skin, greasy tufts of black hair slicked into a lopsided topknot, one eyebrow arched high in shrewd amusement, small beady yellow eyes darting sideways, a long hooked nose with a slight downward curve, wide crooked grin showing several missing teeth, a small brass loop pierced through one nostril, thin wispy chin-whiskers braided into a point. white background, simple background, yellow overall hue, monochromatic yellow.",9999,euler_ancestral,9,1.0,1024,1280,preset,Arthemy_Bench_HALF.json,ff680ad0a33ee142,2026-09-15 08:08:53
stage5_20260915_080853,stage5,A,83f2d26997da,rand_pos,C:\StabilityMatrix-win-x64\Data\Packages\ComfyUI\output\benchmark_stage5\renders,renders/G2_rand_pos_seed4242145_00001_.png,renders/G2_baseline_seed4242145_00001_.png,G2,c6a4015aae,goblin_yellow,"Western comics style, bold ink outlines, hatched shadows, hard yellow-tinted rim light glowing along the edges of his face, sly calculating grin, seen from an extreme low tilted angle looking sharply up his chin, extreme close-up on the head only, tight framing, steep dutch angle. middle-aged male goblin, mottled olive-green skin, greasy tufts of black hair slicked into a lopsided topknot, one eyebrow arched high in shrewd amusement, small beady yellow eyes darting sideways, a long hooked nose with a slight downward curve, wide crooked grin showing several missing teeth, a small brass loop pierced through one nostril, thin wispy chin-whiskers braided into a point. white background, simple background, yellow overall hue, monochromatic yellow.",4242145,euler_ancestral,9,1.0,1024,1280,preset_randsign,Arthemy_Bench_RANDSIGN.json,ff680ad0a33ee142,2026-09-15 08:08:53
stage5_20260915_080853,stage5,A,83f2d26997da,rand_pos,C:\StabilityMatrix-win-x64\Data\Packages\ComfyUI\output\benchmark_stage5\renders,renders/G2_rand_pos_seed42_00001_.png,renders/G2_baseline_seed42_00001_.png,G2,c6a4015aae,goblin_yellow,"Western comics style, bold ink outlines, hatched shadows, hard yellow-tinted rim light glowing along the edges of his face, sly calculating grin, seen from an extreme low tilted angle looking sharply up his chin, extreme close-up on the head only, tight framing, steep dutch angle. middle-aged male goblin, mottled olive-green skin, greasy tufts of black hair slicked into a lopsided topknot, one eyebrow arched high in shrewd amusement, small beady yellow eyes darting sideways, a long hooked nose with a slight downward curve, wide crooked grin showing several missing teeth, a small brass loop pierced through one nostril, thin wispy chin-whiskers braided into a point. white background, simple background, yellow overall hue, monochromatic yellow.",42,euler_ancestral,9,1.0,1024,1280,preset_randsign,Arthemy_Bench_RANDSIGN.json,ff680ad0a33ee142,2026-09-15 08:08:53
stage5_20260915_080853,stage5,A,83f2d26997da,rand_pos,C:\StabilityMatrix-win-x64\Data\Packages\ComfyUI\output\benchmark_stage5\renders,renders/G2_rand_pos_seed1337_00001_.png,renders/G2_baseline_seed1337_00001_.png,G2,c6a4015aae,goblin_yellow,"Western comics style, bold ink outlines, hatched shadows, hard yellow-tinted rim light glowing along the edges of his face, sly calculating grin, seen from an extreme low tilted angle looking sharply up his chin, extreme close-up on the head only, tight framing, steep dutch angle. middle-aged male goblin, mottled olive-green skin, greasy tufts of black hair slicked into a lopsided topknot, one eyebrow arched high in shrewd amusement, small beady yellow eyes darting sideways, a long hooked nose with a slight downward curve, wide crooked grin showing several missing teeth, a small brass loop pierced through one nostril, thin wispy chin-whiskers braided into a point. white background, simple background, yellow overall hue, monochromatic yellow.",1337,euler_ancestral,9,1.0,1024,1280,preset_randsign,Arthemy_Bench_RANDSIGN.json,ff680ad0a33ee142,2026-09-15 08:08:53
stage5_20260915_080853,stage5,A,83f2d26997da,rand_pos,C:\StabilityMatrix-win-x64\Data\Packages\ComfyUI\output\benchmark_stage5\renders,renders/G2_rand_pos_seed777_00001_.png,renders/G2_baseline_seed777_00001_.png,G2,c6a4015aae,goblin_yellow,"Western comics style, bold ink outlines, hatched shadows, hard yellow-tinted rim light glowing along the edges of his face, sly calculating grin, seen from an extreme low tilted angle looking sharply up his chin, extreme close-up on the head only, tight framing, steep dutch angle. middle-aged male goblin, mottled olive-green skin, greasy tufts of black hair slicked into a lopsided topknot, one eyebrow arched high in shrewd amusement, small beady yellow eyes darting sideways, a long hooked nose with a slight downward curve, wide crooked grin showing several missing teeth, a small brass loop pierced through one nostril, thin wispy chin-whiskers braided into a point. white background, simple background, yellow overall hue, monochromatic yellow.",777,euler_ancestral,9,1.0,1024,1280,preset_randsign,Arthemy_Bench_RANDSIGN.json,ff680ad0a33ee142,2026-09-15 08:08:53
stage5_20260915_080853,stage5,A,83f2d26997da,rand_pos,C:\StabilityMatrix-win-x64\Data\Packages\ComfyUI\output\benchmark_stage5\renders,renders/G2_rand_pos_seed9999_00001_.png,renders/G2_baseline_seed9999_00001_.png,G2,c6a4015aae,goblin_yellow,"Western comics style, bold ink outlines, hatched shadows, hard yellow-tinted rim light glowing along the edges of his face, sly calculating grin, seen from an extreme low tilted angle looking sharply up his chin, extreme close-up on the head only, tight framing, steep dutch angle. middle-aged male goblin, mottled olive-green skin, greasy tufts of black hair slicked into a lopsided topknot, one eyebrow arched high in shrewd amusement, small beady yellow eyes darting sideways, a long hooked nose with a slight downward curve, wide crooked grin showing several missing teeth, a small brass loop pierced through one nostril, thin wispy chin-whiskers braided into a point. white background, simple background, yellow overall hue, monochromatic yellow.",9999,euler_ancestral,9,1.0,1024,1280,preset_randsign,Arthemy_Bench_RANDSIGN.json,ff680ad0a33ee142,2026-09-15 08:08:53
stage5_20260915_080853,stage5,A,5d92895ebdf9,rand_neg,C:\StabilityMatrix-win-x64\Data\Packages\ComfyUI\output\benchmark_stage5\renders,renders/G2_rand_neg_seed4242145_00001_.png,renders/G2_baseline_seed4242145_00001_.png,G2,c6a4015aae,goblin_yellow,"Western comics style, bold ink outlines, hatched shadows, hard yellow-tinted rim light glowing along the edges of his face, sly calculating grin, seen from an extreme low tilted angle looking sharply up his chin, extreme close-up on the head only, tight framing, steep dutch angle. middle-aged male goblin, mottled olive-green skin, greasy tufts of black hair slicked into a lopsided topknot, one eyebrow arched high in shrewd amusement, small beady yellow eyes darting sideways, a long hooked nose with a slight downward curve, wide crooked grin showing several missing teeth, a small brass loop pierced through one nostril, thin wispy chin-whiskers braided into a point. white background, simple background, yellow overall hue, monochromatic yellow.",4242145,euler_ancestral,9,1.0,1024,1280,preset_randsign,Arthemy_Bench_RANDSIGN_NEG.json,ff680ad0a33ee142,2026-09-15 08:08:53
stage5_20260915_080853,stage5,A,5d92895ebdf9,rand_neg,C:\StabilityMatrix-win-x64\Data\Packages\ComfyUI\output\benchmark_stage5\renders,renders/G2_rand_neg_seed42_00001_.png,renders/G2_baseline_seed42_00001_.png,G2,c6a4015aae,goblin_yellow,"Western comics style, bold ink outlines, hatched shadows, hard yellow-tinted rim light glowing along the edges of his face, sly calculating grin, seen from an extreme low tilted angle looking sharply up his chin, extreme close-up on the head only, tight framing, steep dutch angle. middle-aged male goblin, mottled olive-green skin, greasy tufts of black hair slicked into a lopsided topknot, one eyebrow arched high in shrewd amusement, small beady yellow eyes darting sideways, a long hooked nose with a slight downward curve, wide crooked grin showing several missing teeth, a small brass loop pierced through one nostril, thin wispy chin-whiskers braided into a point. white background, simple background, yellow overall hue, monochromatic yellow.",42,euler_ancestral,9,1.0,1024,1280,preset_randsign,Arthemy_Bench_RANDSIGN_NEG.json,ff680ad0a33ee142,2026-09-15 08:08:53
stage5_20260915_080853,stage5,A,5d92895ebdf9,rand_neg,C:\StabilityMatrix-win-x64\Data\Packages\ComfyUI\output\benchmark_stage5\renders,renders/G2_rand_neg_seed1337_00001_.png,renders/G2_baseline_seed1337_00001_.png,G2,c6a4015aae,goblin_yellow,"Western comics style, bold ink outlines, hatched shadows, hard yellow-tinted rim light glowing along the edges of his face, sly calculating grin, seen from an extreme low tilted angle looking sharply up his chin, extreme close-up on the head only, tight framing, steep dutch angle. middle-aged male goblin, mottled olive-green skin, greasy tufts of black hair slicked into a lopsided topknot, one eyebrow arched high in shrewd amusement, small beady yellow eyes darting sideways, a long hooked nose with a slight downward curve, wide crooked grin showing several missing teeth, a small brass loop pierced through one nostril, thin wispy chin-whiskers braided into a point. white background, simple background, yellow overall hue, monochromatic yellow.",1337,euler_ancestral,9,1.0,1024,1280,preset_randsign,Arthemy_Bench_RANDSIGN_NEG.json,ff680ad0a33ee142,2026-09-15 08:08:53
stage5_20260915_080853,stage5,A,5d92895ebdf9,rand_neg,C:\StabilityMatrix-win-x64\Data\Packages\ComfyUI\output\benchmark_stage5\renders,renders/G2_rand_neg_seed777_00001_.png,renders/G2_baseline_seed777_00001_.png,G2,c6a4015aae,goblin_yellow,"Western comics style, bold ink outlines, hatched shadows, hard yellow-tinted rim light glowing along the edges of his face, sly calculating grin, seen from an extreme low tilted angle looking sharply up his chin, extreme close-up on the head only, tight framing, steep dutch angle. middle-aged male goblin, mottled olive-green skin, greasy tufts of black hair slicked into a lopsided topknot, one eyebrow arched high in shrewd amusement, small beady yellow eyes darting sideways, a long hooked nose with a slight downward curve, wide crooked grin showing several missing teeth, a small brass loop pierced through one nostril, thin wispy chin-whiskers braided into a point. white background, simple background, yellow overall hue, monochromatic yellow.",777,euler_ancestral,9,1.0,1024,1280,preset_randsign,Arthemy_Bench_RANDSIGN_NEG.json,ff680ad0a33ee142,2026-09-15 08:08:53
stage5_20260915_080853,stage5,A,5d92895ebdf9,rand_neg,C:\StabilityMatrix-win-x64\Data\Packages\ComfyUI\output\benchmark_stage5\renders,renders/G2_rand_neg_seed9999_00001_.png,renders/G2_baseline_seed9999_00001_.png,G2,c6a4015aae,goblin_yellow,"Western comics style, bold ink outlines, hatched shadows, hard yellow-tinted rim light glowing along the edges of his face, sly calculating grin, seen from an extreme low tilted angle looking sharply up his chin, extreme close-up on the head only, tight framing, steep dutch angle. middle-aged male goblin, mottled olive-green skin, greasy tufts of black hair slicked into a lopsided topknot, one eyebrow arched high in shrewd amusement, small beady yellow eyes darting sideways, a long hooked nose with a slight downward curve, wide crooked grin showing several missing teeth, a small brass loop pierced through one nostril, thin wispy chin-whiskers braided into a point. white background, simple background, yellow overall hue, monochromatic yellow.",9999,euler_ancestral,9,1.0,1024,1280,preset_randsign,Arthemy_Bench_RANDSIGN_NEG.json,ff680ad0a33ee142,2026-09-15 08:08:53
stage5_20260915_080853,stage5,A,449bac6a16bd,blockshuf_pos,C:\StabilityMatrix-win-x64\Data\Packages\ComfyUI\output\benchmark_stage5\renders,renders/G2_blockshuf_pos_seed4242145_00001_.png,renders/G2_baseline_seed4242145_00001_.png,G2,c6a4015aae,goblin_yellow,"Western comics style, bold ink outlines, hatched shadows, hard yellow-tinted rim light glowing along the edges of his face, sly calculating grin, seen from an extreme low tilted angle looking sharply up his chin, extreme close-up on the head only, tight framing, steep dutch angle. middle-aged male goblin, mottled olive-green skin, greasy tufts of black hair slicked into a lopsided topknot, one eyebrow arched high in shrewd amusement, small beady yellow eyes darting sideways, a long hooked nose with a slight downward curve, wide crooked grin showing several missing teeth, a small brass loop pierced through one nostril, thin wispy chin-whiskers braided into a point. white background, simple background, yellow overall hue, monochromatic yellow.",4242145,euler_ancestral,9,1.0,1024,1280,preset_blockshuffle,Arthemy_Bench_BLOCKSHUFFLE.json,ff680ad0a33ee142,2026-09-15 08:08:53
stage5_20260915_080853,stage5,A,449bac6a16bd,blockshuf_pos,C:\StabilityMatrix-win-x64\Data\Packages\ComfyUI\output\benchmark_stage5\renders,renders/G2_blockshuf_pos_seed42_00001_.png,renders/G2_baseline_seed42_00001_.png,G2,c6a4015aae,goblin_yellow,"Western comics style, bold ink outlines, hatched shadows, hard yellow-tinted rim light glowing along the edges of his face, sly calculating grin, seen from an extreme low tilted angle looking sharply up his chin, extreme close-up on the head only, tight framing, steep dutch angle. middle-aged male goblin, mottled olive-green skin, greasy tufts of black hair slicked into a lopsided topknot, one eyebrow arched high in shrewd amusement, small beady yellow eyes darting sideways, a long hooked nose with a slight downward curve, wide crooked grin showing several missing teeth, a small brass loop pierced through one nostril, thin wispy chin-whiskers braided into a point. white background, simple background, yellow overall hue, monochromatic yellow.",42,euler_ancestral,9,1.0,1024,1280,preset_blockshuffle,Arthemy_Bench_BLOCKSHUFFLE.json,ff680ad0a33ee142,2026-09-15 08:08:53
stage5_20260915_080853,stage5,A,449bac6a16bd,blockshuf_pos,C:\StabilityMatrix-win-x64\Data\Packages\ComfyUI\output\benchmark_stage5\renders,renders/G2_blockshuf_pos_seed1337_00001_.png,renders/G2_baseline_seed1337_00001_.png,G2,c6a4015aae,goblin_yellow,"Western comics style, bold ink outlines, hatched shadows, hard yellow-tinted rim light glowing along the edges of his face, sly calculating grin, seen from an extreme low tilted angle looking sharply up his chin, extreme close-up on the head only, tight framing, steep dutch angle. middle-aged male goblin, mottled olive-green skin, greasy tufts of black hair slicked into a lopsided topknot, one eyebrow arched high in shrewd amusement, small beady yellow eyes darting sideways, a long hooked nose with a slight downward curve, wide crooked grin showing several missing teeth, a small brass loop pierced through one nostril, thin wispy chin-whiskers braided into a point. white background, simple background, yellow overall hue, monochromatic yellow.",1337,euler_ancestral,9,1.0,1024,1280,preset_blockshuffle,Arthemy_Bench_BLOCKSHUFFLE.json,ff680ad0a33ee142,2026-09-15 08:08:53
stage5_20260915_080853,stage5,A,449bac6a16bd,blockshuf_pos,C:\StabilityMatrix-win-x64\Data\Packages\ComfyUI\output\benchmark_stage5\renders,renders/G2_blockshuf_pos_seed777_00001_.png,renders/G2_baseline_seed777_00001_.png,G2,c6a4015aae,goblin_yellow,"Western comics style, bold ink outlines, hatched shadows, hard yellow-tinted rim light glowing along the edges of his face, sly calculating grin, seen from an extreme low tilted angle looking sharply up his chin, extreme close-up on the head only, tight framing, steep dutch angle. middle-aged male goblin, mottled olive-green skin, greasy tufts of black hair slicked into a lopsided topknot, one eyebrow arched high in shrewd amusement, small beady yellow eyes darting sideways, a long hooked nose with a slight downward curve, wide crooked grin showing several missing teeth, a small brass loop pierced through one nostril, thin wispy chin-whiskers braided into a point. white background, simple background, yellow overall hue, monochromatic yellow.",777,euler_ancestral,9,1.0,1024,1280,preset_blockshuffle,Arthemy_Bench_BLOCKSHUFFLE.json,ff680ad0a33ee142,2026-09-15 08:08:53
stage5_20260915_080853,stage5,A,449bac6a16bd,blockshuf_pos,C:\StabilityMatrix-win-x64\Data\Packages\ComfyUI\output\benchmark_stage5\renders,renders/G2_blockshuf_pos_seed9999_00001_.png,renders/G2_baseline_seed9999_00001_.png,G2,c6a4015aae,goblin_yellow,"Western comics style, bold ink outlines, hatched shadows, hard yellow-tinted rim light glowing along the edges of his face, sly calculating grin, seen from an extreme low tilted angle looking sharply up his chin, extreme close-up on the head only, tight framing, steep dutch angle. middle-aged male goblin, mottled olive-green skin, greasy tufts of black hair slicked into a lopsided topknot, one eyebrow arched high in shrewd amusement, small beady yellow eyes darting sideways, a long hooked nose with a slight downward curve, wide crooked grin showing several missing teeth, a small brass loop pierced through one nostril, thin wispy chin-whiskers braided into a point. white background, simple background, yellow overall hue, monochromatic yellow.",9999,euler_ancestral,9,1.0,1024,1280,preset_blockshuffle,Arthemy_Bench_BLOCKSHUFFLE.json,ff680ad0a33ee142,2026-09-15 08:08:53
stage5_20260915_080853,stage5,A,9e5b7b90d6af,blockshuf_neg,C:\StabilityMatrix-win-x64\Data\Packages\ComfyUI\output\benchmark_stage5\renders,renders/G2_blockshuf_neg_seed4242145_00001_.png,renders/G2_baseline_seed4242145_00001_.png,G2,c6a4015aae,goblin_yellow,"Western comics style, bold ink outlines, hatched shadows, hard yellow-tinted rim light glowing along the edges of his face, sly calculating grin, seen from an extreme low tilted angle looking sharply up his chin, extreme close-up on the head only, tight framing, steep dutch angle. middle-aged male goblin, mottled olive-green skin, greasy tufts of black hair slicked into a lopsided topknot, one eyebrow arched high in shrewd amusement, small beady yellow eyes darting sideways, a long hooked nose with a slight downward curve, wide crooked grin showing several missing teeth, a small brass loop pierced through one nostril, thin wispy chin-whiskers braided into a point. white background, simple background, yellow overall hue, monochromatic yellow.",4242145,euler_ancestral,9,1.0,1024,1280,preset_blockshuffle,Arthemy_Bench_BLOCKSHUFFLE_NEG.json,ff680ad0a33ee142,2026-09-15 08:08:53
stage5_20260915_080853,stage5,A,9e5b7b90d6af,blockshuf_neg,C:\StabilityMatrix-win-x64\Data\Packages\ComfyUI\output\benchmark_stage5\renders,renders/G2_blockshuf_neg_seed42_00001_.png,renders/G2_baseline_seed42_00001_.png,G2,c6a4015aae,goblin_yellow,"Western comics style, bold ink outlines, hatched shadows, hard yellow-tinted rim light glowing along the edges of his face, sly calculating grin, seen from an extreme low tilted angle looking sharply up his chin, extreme close-up on the head only, tight framing, steep dutch angle. middle-aged male goblin, mottled olive-green skin, greasy tufts of black hair slicked into a lopsided topknot, one eyebrow arched high in shrewd amusement, small beady yellow eyes darting sideways, a long hooked nose with a slight downward curve, wide crooked grin showing several missing teeth, a small brass loop pierced through one nostril, thin wispy chin-whiskers braided into a point. white background, simple background, yellow overall hue, monochromatic yellow.",42,euler_ancestral,9,1.0,1024,1280,preset_blockshuffle,Arthemy_Bench_BLOCKSHUFFLE_NEG.json,ff680ad0a33ee142,2026-09-15 08:08:53
stage5_20260915_080853,stage5,A,9e5b7b90d6af,blockshuf_neg,C:\StabilityMatrix-win-x64\Data\Packages\ComfyUI\output\benchmark_stage5\renders,renders/G2_blockshuf_neg_seed1337_00001_.png,renders/G2_baseline_seed1337_00001_.png,G2,c6a4015aae,goblin_yellow,"Western comics style, bold ink outlines, hatched shadows, hard yellow-tinted rim light glowing along the edges of his face, sly calculating grin, seen from an extreme low tilted angle looking sharply up his chin, extreme close-up on the head only, tight framing, steep dutch angle. middle-aged male goblin, mottled olive-green skin, greasy tufts of black hair slicked into a lopsided topknot, one eyebrow arched high in shrewd amusement, small beady yellow eyes darting sideways, a long hooked nose with a slight downward curve, wide crooked grin showing several missing teeth, a small brass loop pierced through one nostril, thin wispy chin-whiskers braided into a point. white background, simple background, yellow overall hue, monochromatic yellow.",1337,euler_ancestral,9,1.0,1024,1280,preset_blockshuffle,Arthemy_Bench_BLOCKSHUFFLE_NEG.json,ff680ad0a33ee142,2026-09-15 08:08:53
stage5_20260915_080853,stage5,A,9e5b7b90d6af,blockshuf_neg,C:\StabilityMatrix-win-x64\Data\Packages\ComfyUI\output\benchmark_stage5\renders,renders/G2_blockshuf_neg_seed777_00001_.png,renders/G2_baseline_seed777_00001_.png,G2,c6a4015aae,goblin_yellow,"Western comics style, bold ink outlines, hatched shadows, hard yellow-tinted rim light glowing along the edges of his face, sly calculating grin, seen from an extreme low tilted angle looking sharply up his chin, extreme close-up on the head only, tight framing, steep dutch angle. middle-aged male goblin, mottled olive-green skin, greasy tufts of black hair slicked into a lopsided topknot, one eyebrow arched high in shrewd amusement, small beady yellow eyes darting sideways, a long hooked nose with a slight downward curve, wide crooked grin showing several missing teeth, a small brass loop pierced through one nostril, thin wispy chin-whiskers braided into a point. white background, simple background, yellow overall hue, monochromatic yellow.",777,euler_ancestral,9,1.0,1024,1280,preset_blockshuffle,Arthemy_Bench_BLOCKSHUFFLE_NEG.json,ff680ad0a33ee142,2026-09-15 08:08:53
stage5_20260915_080853,stage5,A,9e5b7b90d6af,blockshuf_neg,C:\StabilityMatrix-win-x64\Data\Packages\ComfyUI\output\benchmark_stage5\renders,renders/G2_blockshuf_neg_seed9999_00001_.png,renders/G2_baseline_seed9999_00001_.png,G2,c6a4015aae,goblin_yellow,"Western comics style, bold ink outlines, hatched shadows, hard yellow-tinted rim light glowing along the edges of his face, sly calculating grin, seen from an extreme low tilted angle looking sharply up his chin, extreme close-up on the head only, tight framing, steep dutch angle. middle-aged male goblin, mottled olive-green skin, greasy tufts of black hair slicked into a lopsided topknot, one eyebrow arched high in shrewd amusement, small beady yellow eyes darting sideways, a long hooked nose with a slight downward curve, wide crooked grin showing several missing teeth, a small brass loop pierced through one nostril, thin wispy chin-whiskers braided into a point. white background, simple background, yellow overall hue, monochromatic yellow.",9999,euler_ancestral,9,1.0,1024,1280,preset_blockshuffle,Arthemy_Bench_BLOCKSHUFFLE_NEG.json,ff680ad0a33ee142,2026-09-15 08:08:53
stage5_20260915_080853,stage5,A,74d1f804c25e,baseline,C:\StabilityMatrix-win-x64\Data\Packages\ComfyUI\output\benchmark_stage5\renders,renders/G3_baseline_seed4242145_00001_.png,renders/G3_baseline_seed4242145_00001_.png,G3,4d43750a91,dwarf_teal,"Western comics style, bold ink outlines, hatched shadows, hard teal-tinted rim light glowing along the edges of her face, booming commanding shout, seen from an extreme low front angle looking sharply up beneath her jaw, extreme close-up on the head only, tight framing, sharp dutch angle. middle-aged female dwarf, ruddy weathered skin, thick copper-red hair braided tightly back from a high forehead, strong straight eyebrows drawn low, wide teal eyes blazing with authority, a broad sturdy nose, mouth open wide mid-shout showing strong square teeth, a small soot smudge dusting one cheekbone, thick leather strap crossing beneath her chin. white background, simple background, teal overall hue, monochromatic teal.",4242145,euler_ancestral,9,1.0,1024,1280,baseline,,ff680ad0a33ee142,2026-09-15 08:08:53
stage5_20260915_080853,stage5,A,533afc52a97f,baseline,C:\StabilityMatrix-win-x64\Data\Packages\ComfyUI\output\benchmark_stage5\renders,renders/G3_baseline_seed42_00001_.png,renders/G3_baseline_seed42_00001_.png,G3,4d43750a91,dwarf_teal,"Western comics style, bold ink outlines, hatched shadows, hard teal-tinted rim light glowing along the edges of her face, booming commanding shout, seen from an extreme low front angle looking sharply up beneath her jaw, extreme close-up on the head only, tight framing, sharp dutch angle. middle-aged female dwarf, ruddy weathered skin, thick copper-red hair braided tightly back from a high forehead, strong straight eyebrows drawn low, wide teal eyes blazing with authority, a broad sturdy nose, mouth open wide mid-shout showing strong square teeth, a small soot smudge dusting one cheekbone, thick leather strap crossing beneath her chin. white background, simple background, teal overall hue, monochromatic teal.",42,euler_ancestral,9,1.0,1024,1280,baseline,,ff680ad0a33ee142,2026-09-15 08:08:53
stage5_20260915_080853,stage5,A,db3931faa5cf,baseline,C:\StabilityMatrix-win-x64\Data\Packages\ComfyUI\output\benchmark_stage5\renders,renders/G3_baseline_seed1337_00001_.png,renders/G3_baseline_seed1337_00001_.png,G3,4d43750a91,dwarf_teal,"Western comics style, bold ink outlines, hatched shadows, hard teal-tinted rim light glowing along the edges of her face, booming commanding shout, seen from an extreme low front angle looking sharply up beneath her jaw, extreme close-up on the head only, tight framing, sharp dutch angle. middle-aged female dwarf, ruddy weathered skin, thick copper-red hair braided tightly back from a high forehead, strong straight eyebrows drawn low, wide teal eyes blazing with authority, a broad sturdy nose, mouth open wide mid-shout showing strong square teeth, a small soot smudge dusting one cheekbone, thick leather strap crossing beneath her chin. white background, simple background, teal overall hue, monochromatic teal.",1337,euler_ancestral,9,1.0,1024,1280,baseline,,ff680ad0a33ee142,2026-09-15 08:08:53
stage5_20260915_080853,stage5,A,eadc0768569f,baseline,C:\StabilityMatrix-win-x64\Data\Packages\ComfyUI\output\benchmark_stage5\renders,renders/G3_baseline_seed777_00001_.png,renders/G3_baseline_seed777_00001_.png,G3,4d43750a91,dwarf_teal,"Western comics style, bold ink outlines, hatched shadows, hard teal-tinted rim light glowing along the edges of her face, booming commanding shout, seen from an extreme low front angle looking sharply up beneath her jaw, extreme close-up on the head only, tight framing, sharp dutch angle. middle-aged female dwarf, ruddy weathered skin, thick copper-red hair braided tightly back from a high forehead, strong straight eyebrows drawn low, wide teal eyes blazing with authority, a broad sturdy nose, mouth open wide mid-shout showing strong square teeth, a small soot smudge dusting one cheekbone, thick leather strap crossing beneath her chin. white background, simple background, teal overall hue, monochromatic teal.",777,euler_ancestral,9,1.0,1024,1280,baseline,,ff680ad0a33ee142,2026-09-15 08:08:53
stage5_20260915_080853,stage5,A,66d277161d00,baseline,C:\StabilityMatrix-win-x64\Data\Packages\ComfyUI\output\benchmark_stage5\renders,renders/G3_baseline_seed9999_00001_.png,renders/G3_baseline_seed9999_00001_.png,G3,4d43750a91,dwarf_teal,"Western comics style, bold ink outlines, hatched shadows, hard teal-tinted rim light glowing along the edges of her face, booming commanding shout, seen from an extreme low front angle looking sharply up beneath her jaw, extreme close-up on the head only, tight framing, sharp dutch angle. middle-aged female dwarf, ruddy weathered skin, thick copper-red hair braided tightly back from a high forehead, strong straight eyebrows drawn low, wide teal eyes blazing with authority, a broad sturdy nose, mouth open wide mid-shout showing strong square teeth, a small soot smudge dusting one cheekbone, thick leather strap crossing beneath her chin. white background, simple background, teal overall hue, monochromatic teal.",9999,euler_ancestral,9,1.0,1024,1280,baseline,,ff680ad0a33ee142,2026-09-15 08:08:53
stage5_20260915_080853,stage5,A,92b9eee42f66,baseline,C:\StabilityMatrix-win-x64\Data\Packages\ComfyUI\output\benchmark_stage5\renders,renders/G3_baseline_seed101_00001_.png,renders/G3_baseline_seed101_00001_.png,G3,4d43750a91,dwarf_teal,"Western comics style, bold ink outlines, hatched shadows, hard teal-tinted rim light glowing along the edges of her face, booming commanding shout, seen from an extreme low front angle looking sharply up beneath her jaw, extreme close-up on the head only, tight framing, sharp dutch angle. middle-aged female dwarf, ruddy weathered skin, thick copper-red hair braided tightly back from a high forehead, strong straight eyebrows drawn low, wide teal eyes blazing with authority, a broad sturdy nose, mouth open wide mid-shout showing strong square teeth, a small soot smudge dusting one cheekbone, thick leather strap crossing beneath her chin. white background, simple background, teal overall hue, monochromatic teal.",101,euler_ancestral,9,1.0,1024,1280,baseline,,ff680ad0a33ee142,2026-09-15 08:08:53
stage5_20260915_080853,stage5,A,31e84aa84fac,baseline,C:\StabilityMatrix-win-x64\Data\Packages\ComfyUI\output\benchmark_stage5\renders,renders/G3_baseline_seed102_00001_.png,renders/G3_baseline_seed102_00001_.png,G3,4d43750a91,dwarf_teal,"Western comics style, bold ink outlines, hatched shadows, hard teal-tinted rim light glowing along the edges of her face, booming commanding shout, seen from an extreme low front angle looking sharply up beneath her jaw, extreme close-up on the head only, tight framing, sharp dutch angle. middle-aged female dwarf, ruddy weathered skin, thick copper-red hair braided tightly back from a high forehead, strong straight eyebrows drawn low, wide teal eyes blazing with authority, a broad sturdy nose, mouth open wide mid-shout showing strong square teeth, a small soot smudge dusting one cheekbone, thick leather strap crossing beneath her chin. white background, simple background, teal overall hue, monochromatic teal.",102,euler_ancestral,9,1.0,1024,1280,baseline,,ff680ad0a33ee142,2026-09-15 08:08:53
stage5_20260915_080853,stage5,A,ee4242830086,baseline,C:\StabilityMatrix-win-x64\Data\Packages\ComfyUI\output\benchmark_stage5\renders,renders/G3_baseline_seed103_00001_.png,renders/G3_baseline_seed103_00001_.png,G3,4d43750a91,dwarf_teal,"Western comics style, bold ink outlines, hatched shadows, hard teal-tinted rim light glowing along the edges of her face, booming commanding shout, seen from an extreme low front angle looking sharply up beneath her jaw, extreme close-up on the head only, tight framing, sharp dutch angle. middle-aged female dwarf, ruddy weathered skin, thick copper-red hair braided tightly back from a high forehead, strong straight eyebrows drawn low, wide teal eyes blazing with authority, a broad sturdy nose, mouth open wide mid-shout showing strong square teeth, a small soot smudge dusting one cheekbone, thick leather strap crossing beneath her chin. white background, simple background, teal overall hue, monochromatic teal.",103,euler_ancestral,9,1.0,1024,1280,baseline,,ff680ad0a33ee142,2026-09-15 08:08:53
stage5_20260915_080853,stage5,A,7675507fdde3,baseline,C:\StabilityMatrix-win-x64\Data\Packages\ComfyUI\output\benchmark_stage5\renders,renders/G3_baseline_seed104_00001_.png,renders/G3_baseline_seed104_00001_.png,G3,4d43750a91,dwarf_teal,"Western comics style, bold ink outlines, hatched shadows, hard teal-tinted rim light glowing along the edges of her face, booming commanding shout, seen from an extreme low front angle looking sharply up beneath her jaw, extreme close-up on the head only, tight framing, sharp dutch angle. middle-aged female dwarf, ruddy weathered skin, thick copper-red hair braided tightly back from a high forehead, strong straight eyebrows drawn low, wide teal eyes blazing with authority, a broad sturdy nose, mouth open wide mid-shout showing strong square teeth, a small soot smudge dusting one cheekbone, thick leather strap crossing beneath her chin. white background, simple background, teal overall hue, monochromatic teal.",104,euler_ancestral,9,1.0,1024,1280,baseline,,ff680ad0a33ee142,2026-09-15 08:08:53
stage5_20260915_080853,stage5,A,01cee34390ef,baseline,C:\StabilityMatrix-win-x64\Data\Packages\ComfyUI\output\benchmark_stage5\renders,renders/G3_baseline_seed105_00001_.png,renders/G3_baseline_seed105_00001_.png,G3,4d43750a91,dwarf_teal,"Western comics style, bold ink outlines, hatched shadows, hard teal-tinted rim light glowing along the edges of her face, booming commanding shout, seen from an extreme low front angle looking sharply up beneath her jaw, extreme close-up on the head only, tight framing, sharp dutch angle. middle-aged female dwarf, ruddy weathered skin, thick copper-red hair braided tightly back from a high forehead, strong straight eyebrows drawn low, wide teal eyes blazing with authority, a broad sturdy nose, mouth open wide mid-shout showing strong square teeth, a small soot smudge dusting one cheekbone, thick leather strap crossing beneath her chin. white background, simple background, teal overall hue, monochromatic teal.",105,euler_ancestral,9,1.0,1024,1280,baseline,,ff680ad0a33ee142,2026-09-15 08:08:54
stage5_20260915_080853,stage5,A,1b2e4a0bd604,baseline,C:\StabilityMatrix-win-x64\Data\Packages\ComfyUI\output\benchmark_stage5\renders,renders/G3_baseline_seed106_00001_.png,renders/G3_baseline_seed106_00001_.png,G3,4d43750a91,dwarf_teal,"Western comics style, bold ink outlines, hatched shadows, hard teal-tinted rim light glowing along the edges of her face, booming commanding shout, seen from an extreme low front angle looking sharply up beneath her jaw, extreme close-up on the head only, tight framing, sharp dutch angle. middle-aged female dwarf, ruddy weathered skin, thick copper-red hair braided tightly back from a high forehead, strong straight eyebrows drawn low, wide teal eyes blazing with authority, a broad sturdy nose, mouth open wide mid-shout showing strong square teeth, a small soot smudge dusting one cheekbone, thick leather strap crossing beneath her chin. white background, simple background, teal overall hue, monochromatic teal.",106,euler_ancestral,9,1.0,1024,1280,baseline,,ff680ad0a33ee142,2026-09-15 08:08:54
stage5_20260915_080853,stage5,A,6f96fd9084c6,baseline,C:\StabilityMatrix-win-x64\Data\Packages\ComfyUI\output\benchmark_stage5\renders,renders/G3_baseline_seed107_00001_.png,renders/G3_baseline_seed107_00001_.png,G3,4d43750a91,dwarf_teal,"Western comics style, bold ink outlines, hatched shadows, hard teal-tinted rim light glowing along the edges of her face, booming commanding shout, seen from an extreme low front angle looking sharply up beneath her jaw, extreme close-up on the head only, tight framing, sharp dutch angle. middle-aged female dwarf, ruddy weathered skin, thick copper-red hair braided tightly back from a high forehead, strong straight eyebrows drawn low, wide teal eyes blazing with authority, a broad sturdy nose, mouth open wide mid-shout showing strong square teeth, a small soot smudge dusting one cheekbone, thick leather strap crossing beneath her chin. white background, simple background, teal overall hue, monochromatic teal.",107,euler_ancestral,9,1.0,1024,1280,baseline,,ff680ad0a33ee142,2026-09-15 08:08:54
stage5_20260915_080853,stage5,A,dcd87baafdef,baseline,C:\StabilityMatrix-win-x64\Data\Packages\ComfyUI\output\benchmark_stage5\renders,renders/G3_baseline_seed108_00001_.png,renders/G3_baseline_seed108_00001_.png,G3,4d43750a91,dwarf_teal,"Western comics style, bold ink outlines, hatched shadows, hard teal-tinted rim light glowing along the edges of her face, booming commanding shout, seen from an extreme low front angle looking sharply up beneath her jaw, extreme close-up on the head only, tight framing, sharp dutch angle. middle-aged female dwarf, ruddy weathered skin, thick copper-red hair braided tightly back from a high forehead, strong straight eyebrows drawn low, wide teal eyes blazing with authority, a broad sturdy nose, mouth open wide mid-shout showing strong square teeth, a small soot smudge dusting one cheekbone, thick leather strap crossing beneath her chin. white background, simple background, teal overall hue, monochromatic teal.",108,euler_ancestral,9,1.0,1024,1280,baseline,,ff680ad0a33ee142,2026-09-15 08:08:54
stage5_20260915_080853,stage5,A,5f56b9a2f9c7,baseline,C:\StabilityMatrix-win-x64\Data\Packages\ComfyUI\output\benchmark_stage5\renders,renders/G3_baseline_seed109_00001_.png,renders/G3_baseline_seed109_00001_.png,G3,4d43750a91,dwarf_teal,"Western comics style, bold ink outlines, hatched shadows, hard teal-tinted rim light glowing along the edges of her face, booming commanding shout, seen from an extreme low front angle looking sharply up beneath her jaw, extreme close-up on the head only, tight framing, sharp dutch angle. middle-aged female dwarf, ruddy weathered skin, thick copper-red hair braided tightly back from a high forehead, strong straight eyebrows drawn low, wide teal eyes blazing with authority, a broad sturdy nose, mouth open wide mid-shout showing strong square teeth, a small soot smudge dusting one cheekbone, thick leather strap crossing beneath her chin. white background, simple background, teal overall hue, monochromatic teal.",109,euler_ancestral,9,1.0,1024,1280,baseline,,ff680ad0a33ee142,2026-09-15 08:08:54
stage5_20260915_080853,stage5,A,d6a5001a07f1,baseline,C:\StabilityMatrix-win-x64\Data\Packages\ComfyUI\output\benchmark_stage5\renders,renders/G3_baseline_seed110_00001_.png,renders/G3_baseline_seed110_00001_.png,G3,4d43750a91,dwarf_teal,"Western comics style, bold ink outlines, hatched shadows, hard teal-tinted rim light glowing along the edges of her face, booming commanding shout, seen from an extreme low front angle looking sharply up beneath her jaw, extreme close-up on the head only, tight framing, sharp dutch angle. middle-aged female dwarf, ruddy weathered skin, thick copper-red hair braided tightly back from a high forehead, strong straight eyebrows drawn low, wide teal eyes blazing with authority, a broad sturdy nose, mouth open wide mid-shout showing strong square teeth, a small soot smudge dusting one cheekbone, thick leather strap crossing beneath her chin. white background, simple background, teal overall hue, monochromatic teal.",110,euler_ancestral,9,1.0,1024,1280,baseline,,ff680ad0a33ee142,2026-09-15 08:08:54
stage5_20260915_080853,stage5,A,ad83231e6fda,preset_pos,C:\StabilityMatrix-win-x64\Data\Packages\ComfyUI\output\benchmark_stage5\renders,renders/G3_preset_pos_seed4242145_00001_.png,renders/G3_baseline_seed4242145_00001_.png,G3,4d43750a91,dwarf_teal,"Western comics style, bold ink outlines, hatched shadows, hard teal-tinted rim light glowing along the edges of her face, booming commanding shout, seen from an extreme low front angle looking sharply up beneath her jaw, extreme close-up on the head only, tight framing, sharp dutch angle. middle-aged female dwarf, ruddy weathered skin, thick copper-red hair braided tightly back from a high forehead, strong straight eyebrows drawn low, wide teal eyes blazing with authority, a broad sturdy nose, mouth open wide mid-shout showing strong square teeth, a small soot smudge dusting one cheekbone, thick leather strap crossing beneath her chin. white background, simple background, teal overall hue, monochromatic teal.",4242145,euler_ancestral,9,1.0,1024,1280,preset,Arthemy_Bench_Base.json,ff680ad0a33ee142,2026-09-15 08:08:54
stage5_20260915_080853,stage5,A,ad83231e6fda,preset_pos,C:\StabilityMatrix-win-x64\Data\Packages\ComfyUI\output\benchmark_stage5\renders,renders/G3_preset_pos_seed42_00001_.png,renders/G3_baseline_seed42_00001_.png,G3,4d43750a91,dwarf_teal,"Western comics style, bold ink outlines, hatched shadows, hard teal-tinted rim light glowing along the edges of her face, booming commanding shout, seen from an extreme low front angle looking sharply up beneath her jaw, extreme close-up on the head only, tight framing, sharp dutch angle. middle-aged female dwarf, ruddy weathered skin, thick copper-red hair braided tightly back from a high forehead, strong straight eyebrows drawn low, wide teal eyes blazing with authority, a broad sturdy nose, mouth open wide mid-shout showing strong square teeth, a small soot smudge dusting one cheekbone, thick leather strap crossing beneath her chin. white background, simple background, teal overall hue, monochromatic teal.",42,euler_ancestral,9,1.0,1024,1280,preset,Arthemy_Bench_Base.json,ff680ad0a33ee142,2026-09-15 08:08:54
stage5_20260915_080853,stage5,A,ad83231e6fda,preset_pos,C:\StabilityMatrix-win-x64\Data\Packages\ComfyUI\output\benchmark_stage5\renders,renders/G3_preset_pos_seed1337_00001_.png,renders/G3_baseline_seed1337_00001_.png,G3,4d43750a91,dwarf_teal,"Western comics style, bold ink outlines, hatched shadows, hard teal-tinted rim light glowing along the edges of her face, booming commanding shout, seen from an extreme low front angle looking sharply up beneath her jaw, extreme close-up on the head only, tight framing, sharp dutch angle. middle-aged female dwarf, ruddy weathered skin, thick copper-red hair braided tightly back from a high forehead, strong straight eyebrows drawn low, wide teal eyes blazing with authority, a broad sturdy nose, mouth open wide mid-shout showing strong square teeth, a small soot smudge dusting one cheekbone, thick leather strap crossing beneath her chin. white background, simple background, teal overall hue, monochromatic teal.",1337,euler_ancestral,9,1.0,1024,1280,preset,Arthemy_Bench_Base.json,ff680ad0a33ee142,2026-09-15 08:08:54
stage5_20260915_080853,stage5,A,ad83231e6fda,preset_pos,C:\StabilityMatrix-win-x64\Data\Packages\ComfyUI\output\benchmark_stage5\renders,renders/G3_preset_pos_seed777_00001_.png,renders/G3_baseline_seed777_00001_.png,G3,4d43750a91,dwarf_teal,"Western comics style, bold ink outlines, hatched shadows, hard teal-tinted rim light glowing along the edges of her face, booming commanding shout, seen from an extreme low front angle looking sharply up beneath her jaw, extreme close-up on the head only, tight framing, sharp dutch angle. middle-aged female dwarf, ruddy weathered skin, thick copper-red hair braided tightly back from a high forehead, strong straight eyebrows drawn low, wide teal eyes blazing with authority, a broad sturdy nose, mouth open wide mid-shout showing strong square teeth, a small soot smudge dusting one cheekbone, thick leather strap crossing beneath her chin. white background, simple background, teal overall hue, monochromatic teal.",777,euler_ancestral,9,1.0,1024,1280,preset,Arthemy_Bench_Base.json,ff680ad0a33ee142,2026-09-15 08:08:54
stage5_20260915_080853,stage5,A,ad83231e6fda,preset_pos,C:\StabilityMatrix-win-x64\Data\Packages\ComfyUI\output\benchmark_stage5\renders,renders/G3_preset_pos_seed9999_00001_.png,renders/G3_baseline_seed9999_00001_.png,G3,4d43750a91,dwarf_teal,"Western comics style, bold ink outlines, hatched shadows, hard teal-tinted rim light glowing along the edges of her face, booming commanding shout, seen from an extreme low front angle looking sharply up beneath her jaw, extreme close-up on the head only, tight framing, sharp dutch angle. middle-aged female dwarf, ruddy weathered skin, thick copper-red hair braided tightly back from a high forehead, strong straight eyebrows drawn low, wide teal eyes blazing with authority, a broad sturdy nose, mouth open wide mid-shout showing strong square teeth, a small soot smudge dusting one cheekbone, thick leather strap crossing beneath her chin. white background, simple background, teal overall hue, monochromatic teal.",9999,euler_ancestral,9,1.0,1024,1280,preset,Arthemy_Bench_Base.json,ff680ad0a33ee142,2026-09-15 08:08:54
stage5_20260915_080853,stage5,A,12421b7e9805,preset_neg,C:\StabilityMatrix-win-x64\Data\Packages\ComfyUI\output\benchmark_stage5\renders,renders/G3_preset_neg_seed4242145_00001_.png,renders/G3_baseline_seed4242145_00001_.png,G3,4d43750a91,dwarf_teal,"Western comics style, bold ink outlines, hatched shadows, hard teal-tinted rim light glowing along the edges of her face, booming commanding shout, seen from an extreme low front angle looking sharply up beneath her jaw, extreme close-up on the head only, tight framing, sharp dutch angle. middle-aged female dwarf, ruddy weathered skin, thick copper-red hair braided tightly back from a high forehead, strong straight eyebrows drawn low, wide teal eyes blazing with authority, a broad sturdy nose, mouth open wide mid-shout showing strong square teeth, a small soot smudge dusting one cheekbone, thick leather strap crossing beneath her chin. white background, simple background, teal overall hue, monochromatic teal.",4242145,euler_ancestral,9,1.0,1024,1280,preset,Arthemy_Bench_NEG.json,ff680ad0a33ee142,2026-09-15 08:08:54
stage5_20260915_080853,stage5,A,12421b7e9805,preset_neg,C:\StabilityMatrix-win-x64\Data\Packages\ComfyUI\output\benchmark_stage5\renders,renders/G3_preset_neg_seed42_00001_.png,renders/G3_baseline_seed42_00001_.png,G3,4d43750a91,dwarf_teal,"Western comics style, bold ink outlines, hatched shadows, hard teal-tinted rim light glowing along the edges of her face, booming commanding shout, seen from an extreme low front angle looking sharply up beneath her jaw, extreme close-up on the head only, tight framing, sharp dutch angle. middle-aged female dwarf, ruddy weathered skin, thick copper-red hair braided tightly back from a high forehead, strong straight eyebrows drawn low, wide teal eyes blazing with authority, a broad sturdy nose, mouth open wide mid-shout showing strong square teeth, a small soot smudge dusting one cheekbone, thick leather strap crossing beneath her chin. white background, simple background, teal overall hue, monochromatic teal.",42,euler_ancestral,9,1.0,1024,1280,preset,Arthemy_Bench_NEG.json,ff680ad0a33ee142,2026-09-15 08:08:54
stage5_20260915_080853,stage5,A,12421b7e9805,preset_neg,C:\StabilityMatrix-win-x64\Data\Packages\ComfyUI\output\benchmark_stage5\renders,renders/G3_preset_neg_seed1337_00001_.png,renders/G3_baseline_seed1337_00001_.png,G3,4d43750a91,dwarf_teal,"Western comics style, bold ink outlines, hatched shadows, hard teal-tinted rim light glowing along the edges of her face, booming commanding shout, seen from an extreme low front angle looking sharply up beneath her jaw, extreme close-up on the head only, tight framing, sharp dutch angle. middle-aged female dwarf, ruddy weathered skin, thick copper-red hair braided tightly back from a high forehead, strong straight eyebrows drawn low, wide teal eyes blazing with authority, a broad sturdy nose, mouth open wide mid-shout showing strong square teeth, a small soot smudge dusting one cheekbone, thick leather strap crossing beneath her chin. white background, simple background, teal overall hue, monochromatic teal.",1337,euler_ancestral,9,1.0,1024,1280,preset,Arthemy_Bench_NEG.json,ff680ad0a33ee142,2026-09-15 08:08:54
stage5_20260915_080853,stage5,A,12421b7e9805,preset_neg,C:\StabilityMatrix-win-x64\Data\Packages\ComfyUI\output\benchmark_stage5\renders,renders/G3_preset_neg_seed777_00001_.png,renders/G3_baseline_seed777_00001_.png,G3,4d43750a91,dwarf_teal,"Western comics style, bold ink outlines, hatched shadows, hard teal-tinted rim light glowing along the edges of her face, booming commanding shout, seen from an extreme low front angle looking sharply up beneath her jaw, extreme close-up on the head only, tight framing, sharp dutch angle. middle-aged female dwarf, ruddy weathered skin, thick copper-red hair braided tightly back from a high forehead, strong straight eyebrows drawn low, wide teal eyes blazing with authority, a broad sturdy nose, mouth open wide mid-shout showing strong square teeth, a small soot smudge dusting one cheekbone, thick leather strap crossing beneath her chin. white background, simple background, teal overall hue, monochromatic teal.",777,euler_ancestral,9,1.0,1024,1280,preset,Arthemy_Bench_NEG.json,ff680ad0a33ee142,2026-09-15 08:08:54
stage5_20260915_080853,stage5,A,12421b7e9805,preset_neg,C:\StabilityMatrix-win-x64\Data\Packages\ComfyUI\output\benchmark_stage5\renders,renders/G3_preset_neg_seed9999_00001_.png,renders/G3_baseline_seed9999_00001_.png,G3,4d43750a91,dwarf_teal,"Western comics style, bold ink outlines, hatched shadows, hard teal-tinted rim light glowing along the edges of her face, booming commanding shout, seen from an extreme low front angle looking sharply up beneath her jaw, extreme close-up on the head only, tight framing, sharp dutch angle. middle-aged female dwarf, ruddy weathered skin, thick copper-red hair braided tightly back from a high forehead, strong straight eyebrows drawn low, wide teal eyes blazing with authority, a broad sturdy nose, mouth open wide mid-shout showing strong square teeth, a small soot smudge dusting one cheekbone, thick leather strap crossing beneath her chin. white background, simple background, teal overall hue, monochromatic teal.",9999,euler_ancestral,9,1.0,1024,1280,preset,Arthemy_Bench_NEG.json,ff680ad0a33ee142,2026-09-15 08:08:54
stage5_20260915_080853,stage5,A,17f3ed1f0d34,preset_half,C:\StabilityMatrix-win-x64\Data\Packages\ComfyUI\output\benchmark_stage5\renders,renders/G3_preset_half_seed4242145_00001_.png,renders/G3_baseline_seed4242145_00001_.png,G3,4d43750a91,dwarf_teal,"Western comics style, bold ink outlines, hatched shadows, hard teal-tinted rim light glowing along the edges of her face, booming commanding shout, seen from an extreme low front angle looking sharply up beneath her jaw, extreme close-up on the head only, tight framing, sharp dutch angle. middle-aged female dwarf, ruddy weathered skin, thick copper-red hair braided tightly back from a high forehead, strong straight eyebrows drawn low, wide teal eyes blazing with authority, a broad sturdy nose, mouth open wide mid-shout showing strong square teeth, a small soot smudge dusting one cheekbone, thick leather strap crossing beneath her chin. white background, simple background, teal overall hue, monochromatic teal.",4242145,euler_ancestral,9,1.0,1024,1280,preset,Arthemy_Bench_HALF.json,ff680ad0a33ee142,2026-09-15 08:08:54
stage5_20260915_080853,stage5,A,17f3ed1f0d34,preset_half,C:\StabilityMatrix-win-x64\Data\Packages\ComfyUI\output\benchmark_stage5\renders,renders/G3_preset_half_seed42_00001_.png,renders/G3_baseline_seed42_00001_.png,G3,4d43750a91,dwarf_teal,"Western comics style, bold ink outlines, hatched shadows, hard teal-tinted rim light glowing along the edges of her face, booming commanding shout, seen from an extreme low front angle looking sharply up beneath her jaw, extreme close-up on the head only, tight framing, sharp dutch angle. middle-aged female dwarf, ruddy weathered skin, thick copper-red hair braided tightly back from a high forehead, strong straight eyebrows drawn low, wide teal eyes blazing with authority, a broad sturdy nose, mouth open wide mid-shout showing strong square teeth, a small soot smudge dusting one cheekbone, thick leather strap crossing beneath her chin. white background, simple background, teal overall hue, monochromatic teal.",42,euler_ancestral,9,1.0,1024,1280,preset,Arthemy_Bench_HALF.json,ff680ad0a33ee142,2026-09-15 08:08:54
stage5_20260915_080853,stage5,A,17f3ed1f0d34,preset_half,C:\StabilityMatrix-win-x64\Data\Packages\ComfyUI\output\benchmark_stage5\renders,renders/G3_preset_half_seed1337_00001_.png,renders/G3_baseline_seed1337_00001_.png,G3,4d43750a91,dwarf_teal,"Western comics style, bold ink outlines, hatched shadows, hard teal-tinted rim light glowing along the edges of her face, booming commanding shout, seen from an extreme low front angle looking sharply up beneath her jaw, extreme close-up on the head only, tight framing, sharp dutch angle. middle-aged female dwarf, ruddy weathered skin, thick copper-red hair braided tightly back from a high forehead, strong straight eyebrows drawn low, wide teal eyes blazing with authority, a broad sturdy nose, mouth open wide mid-shout showing strong square teeth, a small soot smudge dusting one cheekbone, thick leather strap crossing beneath her chin. white background, simple background, teal overall hue, monochromatic teal.",1337,euler_ancestral,9,1.0,1024,1280,preset,Arthemy_Bench_HALF.json,ff680ad0a33ee142,2026-09-15 08:08:54
stage5_20260915_080853,stage5,A,17f3ed1f0d34,preset_half,C:\StabilityMatrix-win-x64\Data\Packages\ComfyUI\output\benchmark_stage5\renders,renders/G3_preset_half_seed777_00001_.png,renders/G3_baseline_seed777_00001_.png,G3,4d43750a91,dwarf_teal,"Western comics style, bold ink outlines, hatched shadows, hard teal-tinted rim light glowing along the edges of her face, booming commanding shout, seen from an extreme low front angle looking sharply up beneath her jaw, extreme close-up on the head only, tight framing, sharp dutch angle. middle-aged female dwarf, ruddy weathered skin, thick copper-red hair braided tightly back from a high forehead, strong straight eyebrows drawn low, wide teal eyes blazing with authority, a broad sturdy nose, mouth open wide mid-shout showing strong square teeth, a small soot smudge dusting one cheekbone, thick leather strap crossing beneath her chin. white background, simple background, teal overall hue, monochromatic teal.",777,euler_ancestral,9,1.0,1024,1280,preset,Arthemy_Bench_HALF.json,ff680ad0a33ee142,2026-09-15 08:08:54
stage5_20260915_080853,stage5,A,17f3ed1f0d34,preset_half,C:\StabilityMatrix-win-x64\Data\Packages\ComfyUI\output\benchmark_stage5\renders,renders/G3_preset_half_seed9999_00001_.png,renders/G3_baseline_seed9999_00001_.png,G3,4d43750a91,dwarf_teal,"Western comics style, bold ink outlines, hatched shadows, hard teal-tinted rim light glowing along the edges of her face, booming commanding shout, seen from an extreme low front angle looking sharply up beneath her jaw, extreme close-up on the head only, tight framing, sharp dutch angle. middle-aged female dwarf, ruddy weathered skin, thick copper-red hair braided tightly back from a high forehead, strong straight eyebrows drawn low, wide teal eyes blazing with authority, a broad sturdy nose, mouth open wide mid-shout showing strong square teeth, a small soot smudge dusting one cheekbone, thick leather strap crossing beneath her chin. white background, simple background, teal overall hue, monochromatic teal.",9999,euler_ancestral,9,1.0,1024,1280,preset,Arthemy_Bench_HALF.json,ff680ad0a33ee142,2026-09-15 08:08:54
stage5_20260915_080853,stage5,A,83f2d26997da,rand_pos,C:\StabilityMatrix-win-x64\Data\Packages\ComfyUI\output\benchmark_stage5\renders,renders/G3_rand_pos_seed4242145_00001_.png,renders/G3_baseline_seed4242145_00001_.png,G3,4d43750a91,dwarf_teal,"Western comics style, bold ink outlines, hatched shadows, hard teal-tinted rim light glowing along the edges of her face, booming commanding shout, seen from an extreme low front angle looking sharply up beneath her jaw, extreme close-up on the head only, tight framing, sharp dutch angle. middle-aged female dwarf, ruddy weathered skin, thick copper-red hair braided tightly back from a high forehead, strong straight eyebrows drawn low, wide teal eyes blazing with authority, a broad sturdy nose, mouth open wide mid-shout showing strong square teeth, a small soot smudge dusting one cheekbone, thick leather strap crossing beneath her chin. white background, simple background, teal overall hue, monochromatic teal.",4242145,euler_ancestral,9,1.0,1024,1280,preset_randsign,Arthemy_Bench_RANDSIGN.json,ff680ad0a33ee142,2026-09-15 08:08:54
stage5_20260915_080853,stage5,A,83f2d26997da,rand_pos,C:\StabilityMatrix-win-x64\Data\Packages\ComfyUI\output\benchmark_stage5\renders,renders/G3_rand_pos_seed42_00001_.png,renders/G3_baseline_seed42_00001_.png,G3,4d43750a91,dwarf_teal,"Western comics style, bold ink outlines, hatched shadows, hard teal-tinted rim light glowing along the edges of her face, booming commanding shout, seen from an extreme low front angle looking sharply up beneath her jaw, extreme close-up on the head only, tight framing, sharp dutch angle. middle-aged female dwarf, ruddy weathered skin, thick copper-red hair braided tightly back from a high forehead, strong straight eyebrows drawn low, wide teal eyes blazing with authority, a broad sturdy nose, mouth open wide mid-shout showing strong square teeth, a small soot smudge dusting one cheekbone, thick leather strap crossing beneath her chin. white background, simple background, teal overall hue, monochromatic teal.",42,euler_ancestral,9,1.0,1024,1280,preset_randsign,Arthemy_Bench_RANDSIGN.json,ff680ad0a33ee142,2026-09-15 08:08:54
stage5_20260915_080853,stage5,A,83f2d26997da,rand_pos,C:\StabilityMatrix-win-x64\Data\Packages\ComfyUI\output\benchmark_stage5\renders,renders/G3_rand_pos_seed1337_00001_.png,renders/G3_baseline_seed1337_00001_.png,G3,4d43750a91,dwarf_teal,"Western comics style, bold ink outlines, hatched shadows, hard teal-tinted rim light glowing along the edges of her face, booming commanding shout, seen from an extreme low front angle looking sharply up beneath her jaw, extreme close-up on the head only, tight framing, sharp dutch angle. middle-aged female dwarf, ruddy weathered skin, thick copper-red hair braided tightly back from a high forehead, strong straight eyebrows drawn low, wide teal eyes blazing with authority, a broad sturdy nose, mouth open wide mid-shout showing strong square teeth, a small soot smudge dusting one cheekbone, thick leather strap crossing beneath her chin. white background, simple background, teal overall hue, monochromatic teal.",1337,euler_ancestral,9,1.0,1024,1280,preset_randsign,Arthemy_Bench_RANDSIGN.json,ff680ad0a33ee142,2026-09-15 08:08:54
stage5_20260915_080853,stage5,A,83f2d26997da,rand_pos,C:\StabilityMatrix-win-x64\Data\Packages\ComfyUI\output\benchmark_stage5\renders,renders/G3_rand_pos_seed777_00001_.png,renders/G3_baseline_seed777_00001_.png,G3,4d43750a91,dwarf_teal,"Western comics style, bold ink outlines, hatched shadows, hard teal-tinted rim light glowing along the edges of her face, booming commanding shout, seen from an extreme low front angle looking sharply up beneath her jaw, extreme close-up on the head only, tight framing, sharp dutch angle. middle-aged female dwarf, ruddy weathered skin, thick copper-red hair braided tightly back from a high forehead, strong straight eyebrows drawn low, wide teal eyes blazing with authority, a broad sturdy nose, mouth open wide mid-shout showing strong square teeth, a small soot smudge dusting one cheekbone, thick leather strap crossing beneath her chin. white background, simple background, teal overall hue, monochromatic teal.",777,euler_ancestral,9,1.0,1024,1280,preset_randsign,Arthemy_Bench_RANDSIGN.json,ff680ad0a33ee142,2026-09-15 08:08:54
stage5_20260915_080853,stage5,A,83f2d26997da,rand_pos,C:\StabilityMatrix-win-x64\Data\Packages\ComfyUI\output\benchmark_stage5\renders,renders/G3_rand_pos_seed9999_00001_.png,renders/G3_baseline_seed9999_00001_.png,G3,4d43750a91,dwarf_teal,"Western comics style, bold ink outlines, hatched shadows, hard teal-tinted rim light glowing along the edges of her face, booming commanding shout, seen from an extreme low front angle looking sharply up beneath her jaw, extreme close-up on the head only, tight framing, sharp dutch angle. middle-aged female dwarf, ruddy weathered skin, thick copper-red hair braided tightly back from a high forehead, strong straight eyebrows drawn low, wide teal eyes blazing with authority, a broad sturdy nose, mouth open wide mid-shout showing strong square teeth, a small soot smudge dusting one cheekbone, thick leather strap crossing beneath her chin. white background, simple background, teal overall hue, monochromatic teal.",9999,euler_ancestral,9,1.0,1024,1280,preset_randsign,Arthemy_Bench_RANDSIGN.json,ff680ad0a33ee142,2026-09-15 08:08:54
stage5_20260915_080853,stage5,A,5d92895ebdf9,rand_neg,C:\StabilityMatrix-win-x64\Data\Packages\ComfyUI\output\benchmark_stage5\renders,renders/G3_rand_neg_seed4242145_00001_.png,renders/G3_baseline_seed4242145_00001_.png,G3,4d43750a91,dwarf_teal,"Western comics style, bold ink outlines, hatched shadows, hard teal-tinted rim light glowing along the edges of her face, booming commanding shout, seen from an extreme low front angle looking sharply up beneath her jaw, extreme close-up on the head only, tight framing, sharp dutch angle. middle-aged female dwarf, ruddy weathered skin, thick copper-red hair braided tightly back from a high forehead, strong straight eyebrows drawn low, wide teal eyes blazing with authority, a broad sturdy nose, mouth open wide mid-shout showing strong square teeth, a small soot smudge dusting one cheekbone, thick leather strap crossing beneath her chin. white background, simple background, teal overall hue, monochromatic teal.",4242145,euler_ancestral,9,1.0,1024,1280,preset_randsign,Arthemy_Bench_RANDSIGN_NEG.json,ff680ad0a33ee142,2026-09-15 08:08:54
stage5_20260915_080853,stage5,A,5d92895ebdf9,rand_neg,C:\StabilityMatrix-win-x64\Data\Packages\ComfyUI\output\benchmark_stage5\renders,renders/G3_rand_neg_seed42_00001_.png,renders/G3_baseline_seed42_00001_.png,G3,4d43750a91,dwarf_teal,"Western comics style, bold ink outlines, hatched shadows, hard teal-tinted rim light glowing along the edges of her face, booming commanding shout, seen from an extreme low front angle looking sharply up beneath her jaw, extreme close-up on the head only, tight framing, sharp dutch angle. middle-aged female dwarf, ruddy weathered skin, thick copper-red hair braided tightly back from a high forehead, strong straight eyebrows drawn low, wide teal eyes blazing with authority, a broad sturdy nose, mouth open wide mid-shout showing strong square teeth, a small soot smudge dusting one cheekbone, thick leather strap crossing beneath her chin. white background, simple background, teal overall hue, monochromatic teal.",42,euler_ancestral,9,1.0,1024,1280,preset_randsign,Arthemy_Bench_RANDSIGN_NEG.json,ff680ad0a33ee142,2026-09-15 08:08:54
stage5_20260915_080853,stage5,A,5d92895ebdf9,rand_neg,C:\StabilityMatrix-win-x64\Data\Packages\ComfyUI\output\benchmark_stage5\renders,renders/G3_rand_neg_seed1337_00001_.png,renders/G3_baseline_seed1337_00001_.png,G3,4d43750a91,dwarf_teal,"Western comics style, bold ink outlines, hatched shadows, hard teal-tinted rim light glowing along the edges of her face, booming commanding shout, seen from an extreme low front angle looking sharply up beneath her jaw, extreme close-up on the head only, tight framing, sharp dutch angle. middle-aged female dwarf, ruddy weathered skin, thick copper-red hair braided tightly back from a high forehead, strong straight eyebrows drawn low, wide teal eyes blazing with authority, a broad sturdy nose, mouth open wide mid-shout showing strong square teeth, a small soot smudge dusting one cheekbone, thick leather strap crossing beneath her chin. white background, simple background, teal overall hue, monochromatic teal.",1337,euler_ancestral,9,1.0,1024,1280,preset_randsign,Arthemy_Bench_RANDSIGN_NEG.json,ff680ad0a33ee142,2026-09-15 08:08:54
stage5_20260915_080853,stage5,A,5d92895ebdf9,rand_neg,C:\StabilityMatrix-win-x64\Data\Packages\ComfyUI\output\benchmark_stage5\renders,renders/G3_rand_neg_seed777_00001_.png,renders/G3_baseline_seed777_00001_.png,G3,4d43750a91,dwarf_teal,"Western comics style, bold ink outlines, hatched shadows, hard teal-tinted rim light glowing along the edges of her face, booming commanding shout, seen from an extreme low front angle looking sharply up beneath her jaw, extreme close-up on the head only, tight framing, sharp dutch angle. middle-aged female dwarf, ruddy weathered skin, thick copper-red hair braided tightly back from a high forehead, strong straight eyebrows drawn low, wide teal eyes blazing with authority, a broad sturdy nose, mouth open wide mid-shout showing strong square teeth, a small soot smudge dusting one cheekbone, thick leather strap crossing beneath her chin. white background, simple background, teal overall hue, monochromatic teal.",777,euler_ancestral,9,1.0,1024,1280,preset_randsign,Arthemy_Bench_RANDSIGN_NEG.json,ff680ad0a33ee142,2026-09-15 08:08:54
stage5_20260915_080853,stage5,A,5d92895ebdf9,rand_neg,C:\StabilityMatrix-win-x64\Data\Packages\ComfyUI\output\benchmark_stage5\renders,renders/G3_rand_neg_seed9999_00001_.png,renders/G3_baseline_seed9999_00001_.png,G3,4d43750a91,dwarf_teal,"Western comics style, bold ink outlines, hatched shadows, hard teal-tinted rim light glowing along the edges of her face, booming commanding shout, seen from an extreme low front angle looking sharply up beneath her jaw, extreme close-up on the head only, tight framing, sharp dutch angle. middle-aged female dwarf, ruddy weathered skin, thick copper-red hair braided tightly back from a high forehead, strong straight eyebrows drawn low, wide teal eyes blazing with authority, a broad sturdy nose, mouth open wide mid-shout showing strong square teeth, a small soot smudge dusting one cheekbone, thick leather strap crossing beneath her chin. white background, simple background, teal overall hue, monochromatic teal.",9999,euler_ancestral,9,1.0,1024,1280,preset_randsign,Arthemy_Bench_RANDSIGN_NEG.json,ff680ad0a33ee142,2026-09-15 08:08:54
stage5_20260915_080853,stage5,A,449bac6a16bd,blockshuf_pos,C:\StabilityMatrix-win-x64\Data\Packages\ComfyUI\output\benchmark_stage5\renders,renders/G3_blockshuf_pos_seed4242145_00001_.png,renders/G3_baseline_seed4242145_00001_.png,G3,4d43750a91,dwarf_teal,"Western comics style, bold ink outlines, hatched shadows, hard teal-tinted rim light glowing along the edges of her face, booming commanding shout, seen from an extreme low front angle looking sharply up beneath her jaw, extreme close-up on the head only, tight framing, sharp dutch angle. middle-aged female dwarf, ruddy weathered skin, thick copper-red hair braided tightly back from a high forehead, strong straight eyebrows drawn low, wide teal eyes blazing with authority, a broad sturdy nose, mouth open wide mid-shout showing strong square teeth, a small soot smudge dusting one cheekbone, thick leather strap crossing beneath her chin. white background, simple background, teal overall hue, monochromatic teal.",4242145,euler_ancestral,9,1.0,1024,1280,preset_blockshuffle,Arthemy_Bench_BLOCKSHUFFLE.json,ff680ad0a33ee142,2026-09-15 08:08:54
stage5_20260915_080853,stage5,A,449bac6a16bd,blockshuf_pos,C:\StabilityMatrix-win-x64\Data\Packages\ComfyUI\output\benchmark_stage5\renders,renders/G3_blockshuf_pos_seed42_00001_.png,renders/G3_baseline_seed42_00001_.png,G3,4d43750a91,dwarf_teal,"Western comics style, bold ink outlines, hatched shadows, hard teal-tinted rim light glowing along the edges of her face, booming commanding shout, seen from an extreme low front angle looking sharply up beneath her jaw, extreme close-up on the head only, tight framing, sharp dutch angle. middle-aged female dwarf, ruddy weathered skin, thick copper-red hair braided tightly back from a high forehead, strong straight eyebrows drawn low, wide teal eyes blazing with authority, a broad sturdy nose, mouth open wide mid-shout showing strong square teeth, a small soot smudge dusting one cheekbone, thick leather strap crossing beneath her chin. white background, simple background, teal overall hue, monochromatic teal.",42,euler_ancestral,9,1.0,1024,1280,preset_blockshuffle,Arthemy_Bench_BLOCKSHUFFLE.json,ff680ad0a33ee142,2026-09-15 08:08:54
stage5_20260915_080853,stage5,A,449bac6a16bd,blockshuf_pos,C:\StabilityMatrix-win-x64\Data\Packages\ComfyUI\output\benchmark_stage5\renders,renders/G3_blockshuf_pos_seed1337_00001_.png,renders/G3_baseline_seed1337_00001_.png,G3,4d43750a91,dwarf_teal,"Western comics style, bold ink outlines, hatched shadows, hard teal-tinted rim light glowing along the edges of her face, booming commanding shout, seen from an extreme low front angle looking sharply up beneath her jaw, extreme close-up on the head only, tight framing, sharp dutch angle. middle-aged female dwarf, ruddy weathered skin, thick copper-red hair braided tightly back from a high forehead, strong straight eyebrows drawn low, wide teal eyes blazing with authority, a broad sturdy nose, mouth open wide mid-shout showing strong square teeth, a small soot smudge dusting one cheekbone, thick leather strap crossing beneath her chin. white background, simple background, teal overall hue, monochromatic teal.",1337,euler_ancestral,9,1.0,1024,1280,preset_blockshuffle,Arthemy_Bench_BLOCKSHUFFLE.json,ff680ad0a33ee142,2026-09-15 08:08:54
stage5_20260915_080853,stage5,A,449bac6a16bd,blockshuf_pos,C:\StabilityMatrix-win-x64\Data\Packages\ComfyUI\output\benchmark_stage5\renders,renders/G3_blockshuf_pos_seed777_00001_.png,renders/G3_baseline_seed777_00001_.png,G3,4d43750a91,dwarf_teal,"Western comics style, bold ink outlines, hatched shadows, hard teal-tinted rim light glowing along the edges of her face, booming commanding shout, seen from an extreme low front angle looking sharply up beneath her jaw, extreme close-up on the head only, tight framing, sharp dutch angle. middle-aged female dwarf, ruddy weathered skin, thick copper-red hair braided tightly back from a high forehead, strong straight eyebrows drawn low, wide teal eyes blazing with authority, a broad sturdy nose, mouth open wide mid-shout showing strong square teeth, a small soot smudge dusting one cheekbone, thick leather strap crossing beneath her chin. white background, simple background, teal overall hue, monochromatic teal.",777,euler_ancestral,9,1.0,1024,1280,preset_blockshuffle,Arthemy_Bench_BLOCKSHUFFLE.json,ff680ad0a33ee142,2026-09-15 08:08:54
stage5_20260915_080853,stage5,A,449bac6a16bd,blockshuf_pos,C:\StabilityMatrix-win-x64\Data\Packages\ComfyUI\output\benchmark_stage5\renders,renders/G3_blockshuf_pos_seed9999_00001_.png,renders/G3_baseline_seed9999_00001_.png,G3,4d43750a91,dwarf_teal,"Western comics style, bold ink outlines, hatched shadows, hard teal-tinted rim light glowing along the edges of her face, booming commanding shout, seen from an extreme low front angle looking sharply up beneath her jaw, extreme close-up on the head only, tight framing, sharp dutch angle. middle-aged female dwarf, ruddy weathered skin, thick copper-red hair braided tightly back from a high forehead, strong straight eyebrows drawn low, wide teal eyes blazing with authority, a broad sturdy nose, mouth open wide mid-shout showing strong square teeth, a small soot smudge dusting one cheekbone, thick leather strap crossing beneath her chin. white background, simple background, teal overall hue, monochromatic teal.",9999,euler_ancestral,9,1.0,1024,1280,preset_blockshuffle,Arthemy_Bench_BLOCKSHUFFLE.json,ff680ad0a33ee142,2026-09-15 08:08:54
stage5_20260915_080853,stage5,A,9e5b7b90d6af,blockshuf_neg,C:\StabilityMatrix-win-x64\Data\Packages\ComfyUI\output\benchmark_stage5\renders,renders/G3_blockshuf_neg_seed4242145_00001_.png,renders/G3_baseline_seed4242145_00001_.png,G3,4d43750a91,dwarf_teal,"Western comics style, bold ink outlines, hatched shadows, hard teal-tinted rim light glowing along the edges of her face, booming commanding shout, seen from an extreme low front angle looking sharply up beneath her jaw, extreme close-up on the head only, tight framing, sharp dutch angle. middle-aged female dwarf, ruddy weathered skin, thick copper-red hair braided tightly back from a high forehead, strong straight eyebrows drawn low, wide teal eyes blazing with authority, a broad sturdy nose, mouth open wide mid-shout showing strong square teeth, a small soot smudge dusting one cheekbone, thick leather strap crossing beneath her chin. white background, simple background, teal overall hue, monochromatic teal.",4242145,euler_ancestral,9,1.0,1024,1280,preset_blockshuffle,Arthemy_Bench_BLOCKSHUFFLE_NEG.json,ff680ad0a33ee142,2026-09-15 08:08:54
stage5_20260915_080853,stage5,A,9e5b7b90d6af,blockshuf_neg,C:\StabilityMatrix-win-x64\Data\Packages\ComfyUI\output\benchmark_stage5\renders,renders/G3_blockshuf_neg_seed42_00001_.png,renders/G3_baseline_seed42_00001_.png,G3,4d43750a91,dwarf_teal,"Western comics style, bold ink outlines, hatched shadows, hard teal-tinted rim light glowing along the edges of her face, booming commanding shout, seen from an extreme low front angle looking sharply up beneath her jaw, extreme close-up on the head only, tight framing, sharp dutch angle. middle-aged female dwarf, ruddy weathered skin, thick copper-red hair braided tightly back from a high forehead, strong straight eyebrows drawn low, wide teal eyes blazing with authority, a broad sturdy nose, mouth open wide mid-shout showing strong square teeth, a small soot smudge dusting one cheekbone, thick leather strap crossing beneath her chin. white background, simple background, teal overall hue, monochromatic teal.",42,euler_ancestral,9,1.0,1024,1280,preset_blockshuffle,Arthemy_Bench_BLOCKSHUFFLE_NEG.json,ff680ad0a33ee142,2026-09-15 08:08:54
stage5_20260915_080853,stage5,A,9e5b7b90d6af,blockshuf_neg,C:\StabilityMatrix-win-x64\Data\Packages\ComfyUI\output\benchmark_stage5\renders,renders/G3_blockshuf_neg_seed1337_00001_.png,renders/G3_baseline_seed1337_00001_.png,G3,4d43750a91,dwarf_teal,"Western comics style, bold ink outlines, hatched shadows, hard teal-tinted rim light glowing along the edges of her face, booming commanding shout, seen from an extreme low front angle looking sharply up beneath her jaw, extreme close-up on the head only, tight framing, sharp dutch angle. middle-aged female dwarf, ruddy weathered skin, thick copper-red hair braided tightly back from a high forehead, strong straight eyebrows drawn low, wide teal eyes blazing with authority, a broad sturdy nose, mouth open wide mid-shout showing strong square teeth, a small soot smudge dusting one cheekbone, thick leather strap crossing beneath her chin. white background, simple background, teal overall hue, monochromatic teal.",1337,euler_ancestral,9,1.0,1024,1280,preset_blockshuffle,Arthemy_Bench_BLOCKSHUFFLE_NEG.json,ff680ad0a33ee142,2026-09-15 08:08:54
stage5_20260915_080853,stage5,A,9e5b7b90d6af,blockshuf_neg,C:\StabilityMatrix-win-x64\Data\Packages\ComfyUI\output\benchmark_stage5\renders,renders/G3_blockshuf_neg_seed777_00001_.png,renders/G3_baseline_seed777_00001_.png,G3,4d43750a91,dwarf_teal,"Western comics style, bold ink outlines, hatched shadows, hard teal-tinted rim light glowing along the edges of her face, booming commanding shout, seen from an extreme low front angle looking sharply up beneath her jaw, extreme close-up on the head only, tight framing, sharp dutch angle. middle-aged female dwarf, ruddy weathered skin, thick copper-red hair braided tightly back from a high forehead, strong straight eyebrows drawn low, wide teal eyes blazing with authority, a broad sturdy nose, mouth open wide mid-shout showing strong square teeth, a small soot smudge dusting one cheekbone, thick leather strap crossing beneath her chin. white background, simple background, teal overall hue, monochromatic teal.",777,euler_ancestral,9,1.0,1024,1280,preset_blockshuffle,Arthemy_Bench_BLOCKSHUFFLE_NEG.json,ff680ad0a33ee142,2026-09-15 08:08:54
stage5_20260915_080853,stage5,A,9e5b7b90d6af,blockshuf_neg,C:\StabilityMatrix-win-x64\Data\Packages\ComfyUI\output\benchmark_stage5\renders,renders/G3_blockshuf_neg_seed9999_00001_.png,renders/G3_baseline_seed9999_00001_.png,G3,4d43750a91,dwarf_teal,"Western comics style, bold ink outlines, hatched shadows, hard teal-tinted rim light glowing along the edges of her face, booming commanding shout, seen from an extreme low front angle looking sharply up beneath her jaw, extreme close-up on the head only, tight framing, sharp dutch angle. middle-aged female dwarf, ruddy weathered skin, thick copper-red hair braided tightly back from a high forehead, strong straight eyebrows drawn low, wide teal eyes blazing with authority, a broad sturdy nose, mouth open wide mid-shout showing strong square teeth, a small soot smudge dusting one cheekbone, thick leather strap crossing beneath her chin. white background, simple background, teal overall hue, monochromatic teal.",9999,euler_ancestral,9,1.0,1024,1280,preset_blockshuffle,Arthemy_Bench_BLOCKSHUFFLE_NEG.json,ff680ad0a33ee142,2026-09-15 08:08:54
stage5_20260915_080853,stage5,A,74d1f804c25e,baseline,C:\StabilityMatrix-win-x64\Data\Packages\ComfyUI\output\benchmark_stage5\renders,renders/G4_baseline_seed4242145_00001_.png,renders/G4_baseline_seed4242145_00001_.png,G4,95acba3b41,hag_chartreuse,"Western comics style, bold ink outlines, hatched shadows, hard chartreuse-tinted rim light glowing along the edges of her face, wild-eyed manic determination, seen from an extreme low angle shot through an imagined gap between her chin and chest, extreme close-up on the head only, tight framing, sharply canted dutch angle. very old female hag, deep umber-brown weathered skin, wild frizzed grey hair sticking straight up as if charged with static, an exaggeratedly long hooked nose nearly touching her upturned chin, small sunken eyes blazing wide with fevered focus, sagging jowls trembling around a muttering open mouth, three long grey chin-hairs twisted into tiny braids, a single large hoop stretching one earlobe low. white background, simple background, chartreuse overall hue, monochromatic chartreuse.",4242145,euler_ancestral,9,1.0,1024,1280,baseline,,ff680ad0a33ee142,2026-09-15 08:08:54
stage5_20260915_080853,stage5,A,533afc52a97f,baseline,C:\StabilityMatrix-win-x64\Data\Packages\ComfyUI\output\benchmark_stage5\renders,renders/G4_baseline_seed42_00001_.png,renders/G4_baseline_seed42_00001_.png,G4,95acba3b41,hag_chartreuse,"Western comics style, bold ink outlines, hatched shadows, hard chartreuse-tinted rim light glowing along the edges of her face, wild-eyed manic determination, seen from an extreme low angle shot through an imagined gap between her chin and chest, extreme close-up on the head only, tight framing, sharply canted dutch angle. very old female hag, deep umber-brown weathered skin, wild frizzed grey hair sticking straight up as if charged with static, an exaggeratedly long hooked nose nearly touching her upturned chin, small sunken eyes blazing wide with fevered focus, sagging jowls trembling around a muttering open mouth, three long grey chin-hairs twisted into tiny braids, a single large hoop stretching one earlobe low. white background, simple background, chartreuse overall hue, monochromatic chartreuse.",42,euler_ancestral,9,1.0,1024,1280,baseline,,ff680ad0a33ee142,2026-09-15 08:08:54
stage5_20260915_080853,stage5,A,db3931faa5cf,baseline,C:\StabilityMatrix-win-x64\Data\Packages\ComfyUI\output\benchmark_stage5\renders,renders/G4_baseline_seed1337_00001_.png,renders/G4_baseline_seed1337_00001_.png,G4,95acba3b41,hag_chartreuse,"Western comics style, bold ink outlines, hatched shadows, hard chartreuse-tinted rim light glowing along the edges of her face, wild-eyed manic determination, seen from an extreme low angle shot through an imagined gap between her chin and chest, extreme close-up on the head only, tight framing, sharply canted dutch angle. very old female hag, deep umber-brown weathered skin, wild frizzed grey hair sticking straight up as if charged with static, an exaggeratedly long hooked nose nearly touching her upturned chin, small sunken eyes blazing wide with fevered focus, sagging jowls trembling around a muttering open mouth, three long grey chin-hairs twisted into tiny braids, a single large hoop stretching one earlobe low. white background, simple background, chartreuse overall hue, monochromatic chartreuse.",1337,euler_ancestral,9,1.0,1024,1280,baseline,,ff680ad0a33ee142,2026-09-15 08:08:54
stage5_20260915_080853,stage5,A,eadc0768569f,baseline,C:\StabilityMatrix-win-x64\Data\Packages\ComfyUI\output\benchmark_stage5\renders,renders/G4_baseline_seed777_00001_.png,renders/G4_baseline_seed777_00001_.png,G4,95acba3b41,hag_chartreuse,"Western comics style, bold ink outlines, hatched shadows, hard chartreuse-tinted rim light glowing along the edges of her face, wild-eyed manic determination, seen from an extreme low angle shot through an imagined gap between her chin and chest, extreme close-up on the head only, tight framing, sharply canted dutch angle. very old female hag, deep umber-brown weathered skin, wild frizzed grey hair sticking straight up as if charged with static, an exaggeratedly long hooked nose nearly touching her upturned chin, small sunken eyes blazing wide with fevered focus, sagging jowls trembling around a muttering open mouth, three long grey chin-hairs twisted into tiny braids, a single large hoop stretching one earlobe low. white background, simple background, chartreuse overall hue, monochromatic chartreuse.",777,euler_ancestral,9,1.0,1024,1280,baseline,,ff680ad0a33ee142,2026-09-15 08:08:54
stage5_20260915_080853,stage5,A,66d277161d00,baseline,C:\StabilityMatrix-win-x64\Data\Packages\ComfyUI\output\benchmark_stage5\renders,renders/G4_baseline_seed9999_00001_.png,renders/G4_baseline_seed9999_00001_.png,G4,95acba3b41,hag_chartreuse,"Western comics style, bold ink outlines, hatched shadows, hard chartreuse-tinted rim light glowing along the edges of her face, wild-eyed manic determination, seen from an extreme low angle shot through an imagined gap between her chin and chest, extreme close-up on the head only, tight framing, sharply canted dutch angle. very old female hag, deep umber-brown weathered skin, wild frizzed grey hair sticking straight up as if charged with static, an exaggeratedly long hooked nose nearly touching her upturned chin, small sunken eyes blazing wide with fevered focus, sagging jowls trembling around a muttering open mouth, three long grey chin-hairs twisted into tiny braids, a single large hoop stretching one earlobe low. white background, simple background, chartreuse overall hue, monochromatic chartreuse.",9999,euler_ancestral,9,1.0,1024,1280,baseline,,ff680ad0a33ee142,2026-09-15 08:08:54
stage5_20260915_080853,stage5,A,92b9eee42f66,baseline,C:\StabilityMatrix-win-x64\Data\Packages\ComfyUI\output\benchmark_stage5\renders,renders/G4_baseline_seed101_00001_.png,renders/G4_baseline_seed101_00001_.png,G4,95acba3b41,hag_chartreuse,"Western comics style, bold ink outlines, hatched shadows, hard chartreuse-tinted rim light glowing along the edges of her face, wild-eyed manic determination, seen from an extreme low angle shot through an imagined gap between her chin and chest, extreme close-up on the head only, tight framing, sharply canted dutch angle. very old female hag, deep umber-brown weathered skin, wild frizzed grey hair sticking straight up as if charged with static, an exaggeratedly long hooked nose nearly touching her upturned chin, small sunken eyes blazing wide with fevered focus, sagging jowls trembling around a muttering open mouth, three long grey chin-hairs twisted into tiny braids, a single large hoop stretching one earlobe low. white background, simple background, chartreuse overall hue, monochromatic chartreuse.",101,euler_ancestral,9,1.0,1024,1280,baseline,,ff680ad0a33ee142,2026-09-15 08:08:54
stage5_20260915_080853,stage5,A,31e84aa84fac,baseline,C:\StabilityMatrix-win-x64\Data\Packages\ComfyUI\output\benchmark_stage5\renders,renders/G4_baseline_seed102_00001_.png,renders/G4_baseline_seed102_00001_.png,G4,95acba3b41,hag_chartreuse,"Western comics style, bold ink outlines, hatched shadows, hard chartreuse-tinted rim light glowing along the edges of her face, wild-eyed manic determination, seen from an extreme low angle shot through an imagined gap between her chin and chest, extreme close-up on the head only, tight framing, sharply canted dutch angle. very old female hag, deep umber-brown weathered skin, wild frizzed grey hair sticking straight up as if charged with static, an exaggeratedly long hooked nose nearly touching her upturned chin, small sunken eyes blazing wide with fevered focus, sagging jowls trembling around a muttering open mouth, three long grey chin-hairs twisted into tiny braids, a single large hoop stretching one earlobe low. white background, simple background, chartreuse overall hue, monochromatic chartreuse.",102,euler_ancestral,9,1.0,1024,1280,baseline,,ff680ad0a33ee142,2026-09-15 08:08:54
stage5_20260915_080853,stage5,A,ee4242830086,baseline,C:\StabilityMatrix-win-x64\Data\Packages\ComfyUI\output\benchmark_stage5\renders,renders/G4_baseline_seed103_00001_.png,renders/G4_baseline_seed103_00001_.png,G4,95acba3b41,hag_chartreuse,"Western comics style, bold ink outlines, hatched shadows, hard chartreuse-tinted rim light glowing along the edges of her face, wild-eyed manic determination, seen from an extreme low angle shot through an imagined gap between her chin and chest, extreme close-up on the head only, tight framing, sharply canted dutch angle. very old female hag, deep umber-brown weathered skin, wild frizzed grey hair sticking straight up as if charged with static, an exaggeratedly long hooked nose nearly touching her upturned chin, small sunken eyes blazing wide with fevered focus, sagging jowls trembling around a muttering open mouth, three long grey chin-hairs twisted into tiny braids, a single large hoop stretching one earlobe low. white background, simple background, chartreuse overall hue, monochromatic chartreuse.",103,euler_ancestral,9,1.0,1024,1280,baseline,,ff680ad0a33ee142,2026-09-15 08:08:54
stage5_20260915_080853,stage5,A,7675507fdde3,baseline,C:\StabilityMatrix-win-x64\Data\Packages\ComfyUI\output\benchmark_stage5\renders,renders/G4_baseline_seed104_00001_.png,renders/G4_baseline_seed104_00001_.png,G4,95acba3b41,hag_chartreuse,"Western comics style, bold ink outlines, hatched shadows, hard chartreuse-tinted rim light glowing along the edges of her face, wild-eyed manic determination, seen from an extreme low angle shot through an imagined gap between her chin and chest, extreme close-up on the head only, tight framing, sharply canted dutch angle. very old female hag, deep umber-brown weathered skin, wild frizzed grey hair sticking straight up as if charged with static, an exaggeratedly long hooked nose nearly touching her upturned chin, small sunken eyes blazing wide with fevered focus, sagging jowls trembling around a muttering open mouth, three long grey chin-hairs twisted into tiny braids, a single large hoop stretching one earlobe low. white background, simple background, chartreuse overall hue, monochromatic chartreuse.",104,euler_ancestral,9,1.0,1024,1280,baseline,,ff680ad0a33ee142,2026-09-15 08:08:54
stage5_20260915_080853,stage5,A,01cee34390ef,baseline,C:\StabilityMatrix-win-x64\Data\Packages\ComfyUI\output\benchmark_stage5\renders,renders/G4_baseline_seed105_00001_.png,renders/G4_baseline_seed105_00001_.png,G4,95acba3b41,hag_chartreuse,"Western comics style, bold ink outlines, hatched shadows, hard chartreuse-tinted rim light glowing along the edges of her face, wild-eyed manic determination, seen from an extreme low angle shot through an imagined gap between her chin and chest, extreme close-up on the head only, tight framing, sharply canted dutch angle. very old female hag, deep umber-brown weathered skin, wild frizzed grey hair sticking straight up as if charged with static, an exaggeratedly long hooked nose nearly touching her upturned chin, small sunken eyes blazing wide with fevered focus, sagging jowls trembling around a muttering open mouth, three long grey chin-hairs twisted into tiny braids, a single large hoop stretching one earlobe low. white background, simple background, chartreuse overall hue, monochromatic chartreuse.",105,euler_ancestral,9,1.0,1024,1280,baseline,,ff680ad0a33ee142,2026-09-15 08:08:54
stage5_20260915_080853,stage5,A,1b2e4a0bd604,baseline,C:\StabilityMatrix-win-x64\Data\Packages\ComfyUI\output\benchmark_stage5\renders,renders/G4_baseline_seed106_00001_.png,renders/G4_baseline_seed106_00001_.png,G4,95acba3b41,hag_chartreuse,"Western comics style, bold ink outlines, hatched shadows, hard chartreuse-tinted rim light glowing along the edges of her face, wild-eyed manic determination, seen from an extreme low angle shot through an imagined gap between her chin and chest, extreme close-up on the head only, tight framing, sharply canted dutch angle. very old female hag, deep umber-brown weathered skin, wild frizzed grey hair sticking straight up as if charged with static, an exaggeratedly long hooked nose nearly touching her upturned chin, small sunken eyes blazing wide with fevered focus, sagging jowls trembling around a muttering open mouth, three long grey chin-hairs twisted into tiny braids, a single large hoop stretching one earlobe low. white background, simple background, chartreuse overall hue, monochromatic chartreuse.",106,euler_ancestral,9,1.0,1024,1280,baseline,,ff680ad0a33ee142,2026-09-15 08:08:54
stage5_20260915_080853,stage5,A,6f96fd9084c6,baseline,C:\StabilityMatrix-win-x64\Data\Packages\ComfyUI\output\benchmark_stage5\renders,renders/G4_baseline_seed107_00001_.png,renders/G4_baseline_seed107_00001_.png,G4,95acba3b41,hag_chartreuse,"Western comics style, bold ink outlines, hatched shadows, hard chartreuse-tinted rim light glowing along the edges of her face, wild-eyed manic determination, seen from an extreme low angle shot through an imagined gap between her chin and chest, extreme close-up on the head only, tight framing, sharply canted dutch angle. very old female hag, deep umber-brown weathered skin, wild frizzed grey hair sticking straight up as if charged with static, an exaggeratedly long hooked nose nearly touching her upturned chin, small sunken eyes blazing wide with fevered focus, sagging jowls trembling around a muttering open mouth, three long grey chin-hairs twisted into tiny braids, a single large hoop stretching one earlobe low. white background, simple background, chartreuse overall hue, monochromatic chartreuse.",107,euler_ancestral,9,1.0,1024,1280,baseline,,ff680ad0a33ee142,2026-09-15 08:08:54
stage5_20260915_080853,stage5,A,dcd87baafdef,baseline,C:\StabilityMatrix-win-x64\Data\Packages\ComfyUI\output\benchmark_stage5\renders,renders/G4_baseline_seed108_00001_.png,renders/G4_baseline_seed108_00001_.png,G4,95acba3b41,hag_chartreuse,"Western comics style, bold ink outlines, hatched shadows, hard chartreuse-tinted rim light glowing along the edges of her face, wild-eyed manic determination, seen from an extreme low angle shot through an imagined gap between her chin and chest, extreme close-up on the head only, tight framing, sharply canted dutch angle. very old female hag, deep umber-brown weathered skin, wild frizzed grey hair sticking straight up as if charged with static, an exaggeratedly long hooked nose nearly touching her upturned chin, small sunken eyes blazing wide with fevered focus, sagging jowls trembling around a muttering open mouth, three long grey chin-hairs twisted into tiny braids, a single large hoop stretching one earlobe low. white background, simple background, chartreuse overall hue, monochromatic chartreuse.",108,euler_ancestral,9,1.0,1024,1280,baseline,,ff680ad0a33ee142,2026-09-15 08:08:54
stage5_20260915_080853,stage5,A,5f56b9a2f9c7,baseline,C:\StabilityMatrix-win-x64\Data\Packages\ComfyUI\output\benchmark_stage5\renders,renders/G4_baseline_seed109_00001_.png,renders/G4_baseline_seed109_00001_.png,G4,95acba3b41,hag_chartreuse,"Western comics style, bold ink outlines, hatched shadows, hard chartreuse-tinted rim light glowing along the edges of her face, wild-eyed manic determination, seen from an extreme low angle shot through an imagined gap between her chin and chest, extreme close-up on the head only, tight framing, sharply canted dutch angle. very old female hag, deep umber-brown weathered skin, wild frizzed grey hair sticking straight up as if charged with static, an exaggeratedly long hooked nose nearly touching her upturned chin, small sunken eyes blazing wide with fevered focus, sagging jowls trembling around a muttering open mouth, three long grey chin-hairs twisted into tiny braids, a single large hoop stretching one earlobe low. white background, simple background, chartreuse overall hue, monochromatic chartreuse.",109,euler_ancestral,9,1.0,1024,1280,baseline,,ff680ad0a33ee142,2026-09-15 08:08:54
stage5_20260915_080853,stage5,A,d6a5001a07f1,baseline,C:\StabilityMatrix-win-x64\Data\Packages\ComfyUI\output\benchmark_stage5\renders,renders/G4_baseline_seed110_00001_.png,renders/G4_baseline_seed110_00001_.png,G4,95acba3b41,hag_chartreuse,"Western comics style, bold ink outlines, hatched shadows, hard chartreuse-tinted rim light glowing along the edges of her face, wild-eyed manic determination, seen from an extreme low angle shot through an imagined gap between her chin and chest, extreme close-up on the head only, tight framing, sharply canted dutch angle. very old female hag, deep umber-brown weathered skin, wild frizzed grey hair sticking straight up as if charged with static, an exaggeratedly long hooked nose nearly touching her upturned chin, small sunken eyes blazing wide with fevered focus, sagging jowls trembling around a muttering open mouth, three long grey chin-hairs twisted into tiny braids, a single large hoop stretching one earlobe low. white background, simple background, chartreuse overall hue, monochromatic chartreuse.",110,euler_ancestral,9,1.0,1024,1280,baseline,,ff680ad0a33ee142,2026-09-15 08:08:54
stage5_20260915_080853,stage5,A,ad83231e6fda,preset_pos,C:\StabilityMatrix-win-x64\Data\Packages\ComfyUI\output\benchmark_stage5\renders,renders/G4_preset_pos_seed4242145_00001_.png,renders/G4_baseline_seed4242145_00001_.png,G4,95acba3b41,hag_chartreuse,"Western comics style, bold ink outlines, hatched shadows, hard chartreuse-tinted rim light glowing along the edges of her face, wild-eyed manic determination, seen from an extreme low angle shot through an imagined gap between her chin and chest, extreme close-up on the head only, tight framing, sharply canted dutch angle. very old female hag, deep umber-brown weathered skin, wild frizzed grey hair sticking straight up as if charged with static, an exaggeratedly long hooked nose nearly touching her upturned chin, small sunken eyes blazing wide with fevered focus, sagging jowls trembling around a muttering open mouth, three long grey chin-hairs twisted into tiny braids, a single large hoop stretching one earlobe low. white background, simple background, chartreuse overall hue, monochromatic chartreuse.",4242145,euler_ancestral,9,1.0,1024,1280,preset,Arthemy_Bench_Base.json,ff680ad0a33ee142,2026-09-15 08:08:54
stage5_20260915_080853,stage5,A,ad83231e6fda,preset_pos,C:\StabilityMatrix-win-x64\Data\Packages\ComfyUI\output\benchmark_stage5\renders,renders/G4_preset_pos_seed42_00001_.png,renders/G4_baseline_seed42_00001_.png,G4,95acba3b41,hag_chartreuse,"Western comics style, bold ink outlines, hatched shadows, hard chartreuse-tinted rim light glowing along the edges of her face, wild-eyed manic determination, seen from an extreme low angle shot through an imagined gap between her chin and chest, extreme close-up on the head only, tight framing, sharply canted dutch angle. very old female hag, deep umber-brown weathered skin, wild frizzed grey hair sticking straight up as if charged with static, an exaggeratedly long hooked nose nearly touching her upturned chin, small sunken eyes blazing wide with fevered focus, sagging jowls trembling around a muttering open mouth, three long grey chin-hairs twisted into tiny braids, a single large hoop stretching one earlobe low. white background, simple background, chartreuse overall hue, monochromatic chartreuse.",42,euler_ancestral,9,1.0,1024,1280,preset,Arthemy_Bench_Base.json,ff680ad0a33ee142,2026-09-15 08:08:54
stage5_20260915_080853,stage5,A,ad83231e6fda,preset_pos,C:\StabilityMatrix-win-x64\Data\Packages\ComfyUI\output\benchmark_stage5\renders,renders/G4_preset_pos_seed1337_00001_.png,renders/G4_baseline_seed1337_00001_.png,G4,95acba3b41,hag_chartreuse,"Western comics style, bold ink outlines, hatched shadows, hard chartreuse-tinted rim light glowing along the edges of her face, wild-eyed manic determination, seen from an extreme low angle shot through an imagined gap between her chin and chest, extreme close-up on the head only, tight framing, sharply canted dutch angle. very old female hag, deep umber-brown weathered skin, wild frizzed grey hair sticking straight up as if charged with static, an exaggeratedly long hooked nose nearly touching her upturned chin, small sunken eyes blazing wide with fevered focus, sagging jowls trembling around a muttering open mouth, three long grey chin-hairs twisted into tiny braids, a single large hoop stretching one earlobe low. white background, simple background, chartreuse overall hue, monochromatic chartreuse.",1337,euler_ancestral,9,1.0,1024,1280,preset,Arthemy_Bench_Base.json,ff680ad0a33ee142,2026-09-15 08:08:54
stage5_20260915_080853,stage5,A,ad83231e6fda,preset_pos,C:\StabilityMatrix-win-x64\Data\Packages\ComfyUI\output\benchmark_stage5\renders,renders/G4_preset_pos_seed777_00001_.png,renders/G4_baseline_seed777_00001_.png,G4,95acba3b41,hag_chartreuse,"Western comics style, bold ink outlines, hatched shadows, hard chartreuse-tinted rim light glowing along the edges of her face, wild-eyed manic determination, seen from an extreme low angle shot through an imagined gap between her chin and chest, extreme close-up on the head only, tight framing, sharply canted dutch angle. very old female hag, deep umber-brown weathered skin, wild frizzed grey hair sticking straight up as if charged with static, an exaggeratedly long hooked nose nearly touching her upturned chin, small sunken eyes blazing wide with fevered focus, sagging jowls trembling around a muttering open mouth, three long grey chin-hairs twisted into tiny braids, a single large hoop stretching one earlobe low. white background, simple background, chartreuse overall hue, monochromatic chartreuse.",777,euler_ancestral,9,1.0,1024,1280,preset,Arthemy_Bench_Base.json,ff680ad0a33ee142,2026-09-15 08:08:54
stage5_20260915_080853,stage5,A,ad83231e6fda,preset_pos,C:\StabilityMatrix-win-x64\Data\Packages\ComfyUI\output\benchmark_stage5\renders,renders/G4_preset_pos_seed9999_00001_.png,renders/G4_baseline_seed9999_00001_.png,G4,95acba3b41,hag_chartreuse,"Western comics style, bold ink outlines, hatched shadows, hard chartreuse-tinted rim light glowing along the edges of her face, wild-eyed manic determination, seen from an extreme low angle shot through an imagined gap between her chin and chest, extreme close-up on the head only, tight framing, sharply canted dutch angle. very old female hag, deep umber-brown weathered skin, wild frizzed grey hair sticking straight up as if charged with static, an exaggeratedly long hooked nose nearly touching her upturned chin, small sunken eyes blazing wide with fevered focus, sagging jowls trembling around a muttering open mouth, three long grey chin-hairs twisted into tiny braids, a single large hoop stretching one earlobe low. white background, simple background, chartreuse overall hue, monochromatic chartreuse.",9999,euler_ancestral,9,1.0,1024,1280,preset,Arthemy_Bench_Base.json,ff680ad0a33ee142,2026-09-15 08:08:54
stage5_20260915_080853,stage5,A,12421b7e9805,preset_neg,C:\StabilityMatrix-win-x64\Data\Packages\ComfyUI\output\benchmark_stage5\renders,renders/G4_preset_neg_seed4242145_00001_.png,renders/G4_baseline_seed4242145_00001_.png,G4,95acba3b41,hag_chartreuse,"Western comics style, bold ink outlines, hatched shadows, hard chartreuse-tinted rim light glowing along the edges of her face, wild-eyed manic determination, seen from an extreme low angle shot through an imagined gap between her chin and chest, extreme close-up on the head only, tight framing, sharply canted dutch angle. very old female hag, deep umber-brown weathered skin, wild frizzed grey hair sticking straight up as if charged with static, an exaggeratedly long hooked nose nearly touching her upturned chin, small sunken eyes blazing wide with fevered focus, sagging jowls trembling around a muttering open mouth, three long grey chin-hairs twisted into tiny braids, a single large hoop stretching one earlobe low. white background, simple background, chartreuse overall hue, monochromatic chartreuse.",4242145,euler_ancestral,9,1.0,1024,1280,preset,Arthemy_Bench_NEG.json,ff680ad0a33ee142,2026-09-15 08:08:54
stage5_20260915_080853,stage5,A,12421b7e9805,preset_neg,C:\StabilityMatrix-win-x64\Data\Packages\ComfyUI\output\benchmark_stage5\renders,renders/G4_preset_neg_seed42_00001_.png,renders/G4_baseline_seed42_00001_.png,G4,95acba3b41,hag_chartreuse,"Western comics style, bold ink outlines, hatched shadows, hard chartreuse-tinted rim light glowing along the edges of her face, wild-eyed manic determination, seen from an extreme low angle shot through an imagined gap between her chin and chest, extreme close-up on the head only, tight framing, sharply canted dutch angle. very old female hag, deep umber-brown weathered skin, wild frizzed grey hair sticking straight up as if charged with static, an exaggeratedly long hooked nose nearly touching her upturned chin, small sunken eyes blazing wide with fevered focus, sagging jowls trembling around a muttering open mouth, three long grey chin-hairs twisted into tiny braids, a single large hoop stretching one earlobe low. white background, simple background, chartreuse overall hue, monochromatic chartreuse.",42,euler_ancestral,9,1.0,1024,1280,preset,Arthemy_Bench_NEG.json,ff680ad0a33ee142,2026-09-15 08:08:54
stage5_20260915_080853,stage5,A,12421b7e9805,preset_neg,C:\StabilityMatrix-win-x64\Data\Packages\ComfyUI\output\benchmark_stage5\renders,renders/G4_preset_neg_seed1337_00001_.png,renders/G4_baseline_seed1337_00001_.png,G4,95acba3b41,hag_chartreuse,"Western comics style, bold ink outlines, hatched shadows, hard chartreuse-tinted rim light glowing along the edges of her face, wild-eyed manic determination, seen from an extreme low angle shot through an imagined gap between her chin and chest, extreme close-up on the head only, tight framing, sharply canted dutch angle. very old female hag, deep umber-brown weathered skin, wild frizzed grey hair sticking straight up as if charged with static, an exaggeratedly long hooked nose nearly touching her upturned chin, small sunken eyes blazing wide with fevered focus, sagging jowls trembling around a muttering open mouth, three long grey chin-hairs twisted into tiny braids, a single large hoop stretching one earlobe low. white background, simple background, chartreuse overall hue, monochromatic chartreuse.",1337,euler_ancestral,9,1.0,1024,1280,preset,Arthemy_Bench_NEG.json,ff680ad0a33ee142,2026-09-15 08:08:54
stage5_20260915_080853,stage5,A,12421b7e9805,preset_neg,C:\StabilityMatrix-win-x64\Data\Packages\ComfyUI\output\benchmark_stage5\renders,renders/G4_preset_neg_seed777_00001_.png,renders/G4_baseline_seed777_00001_.png,G4,95acba3b41,hag_chartreuse,"Western comics style, bold ink outlines, hatched shadows, hard chartreuse-tinted rim light glowing along the edges of her face, wild-eyed manic determination, seen from an extreme low angle shot through an imagined gap between her chin and chest, extreme close-up on the head only, tight framing, sharply canted dutch angle. very old female hag, deep umber-brown weathered skin, wild frizzed grey hair sticking straight up as if charged with static, an exaggeratedly long hooked nose nearly touching her upturned chin, small sunken eyes blazing wide with fevered focus, sagging jowls trembling around a muttering open mouth, three long grey chin-hairs twisted into tiny braids, a single large hoop stretching one earlobe low. white background, simple background, chartreuse overall hue, monochromatic chartreuse.",777,euler_ancestral,9,1.0,1024,1280,preset,Arthemy_Bench_NEG.json,ff680ad0a33ee142,2026-09-15 08:08:54
stage5_20260915_080853,stage5,A,12421b7e9805,preset_neg,C:\StabilityMatrix-win-x64\Data\Packages\ComfyUI\output\benchmark_stage5\renders,renders/G4_preset_neg_seed9999_00001_.png,renders/G4_baseline_seed9999_00001_.png,G4,95acba3b41,hag_chartreuse,"Western comics style, bold ink outlines, hatched shadows, hard chartreuse-tinted rim light glowing along the edges of her face, wild-eyed manic determination, seen from an extreme low angle shot through an imagined gap between her chin and chest, extreme close-up on the head only, tight framing, sharply canted dutch angle. very old female hag, deep umber-brown weathered skin, wild frizzed grey hair sticking straight up as if charged with static, an exaggeratedly long hooked nose nearly touching her upturned chin, small sunken eyes blazing wide with fevered focus, sagging jowls trembling around a muttering open mouth, three long grey chin-hairs twisted into tiny braids, a single large hoop stretching one earlobe low. white background, simple background, chartreuse overall hue, monochromatic chartreuse.",9999,euler_ancestral,9,1.0,1024,1280,preset,Arthemy_Bench_NEG.json,ff680ad0a33ee142,2026-09-15 08:08:54
stage5_20260915_080853,stage5,A,17f3ed1f0d34,preset_half,C:\StabilityMatrix-win-x64\Data\Packages\ComfyUI\output\benchmark_stage5\renders,renders/G4_preset_half_seed4242145_00001_.png,renders/G4_baseline_seed4242145_00001_.png,G4,95acba3b41,hag_chartreuse,"Western comics style, bold ink outlines, hatched shadows, hard chartreuse-tinted rim light glowing along the edges of her face, wild-eyed manic determination, seen from an extreme low angle shot through an imagined gap between her chin and chest, extreme close-up on the head only, tight framing, sharply canted dutch angle. very old female hag, deep umber-brown weathered skin, wild frizzed grey hair sticking straight up as if charged with static, an exaggeratedly long hooked nose nearly touching her upturned chin, small sunken eyes blazing wide with fevered focus, sagging jowls trembling around a muttering open mouth, three long grey chin-hairs twisted into tiny braids, a single large hoop stretching one earlobe low. white background, simple background, chartreuse overall hue, monochromatic chartreuse.",4242145,euler_ancestral,9,1.0,1024,1280,preset,Arthemy_Bench_HALF.json,ff680ad0a33ee142,2026-09-15 08:08:54
stage5_20260915_080853,stage5,A,17f3ed1f0d34,preset_half,C:\StabilityMatrix-win-x64\Data\Packages\ComfyUI\output\benchmark_stage5\renders,renders/G4_preset_half_seed42_00001_.png,renders/G4_baseline_seed42_00001_.png,G4,95acba3b41,hag_chartreuse,"Western comics style, bold ink outlines, hatched shadows, hard chartreuse-tinted rim light glowing along the edges of her face, wild-eyed manic determination, seen from an extreme low angle shot through an imagined gap between her chin and chest, extreme close-up on the head only, tight framing, sharply canted dutch angle. very old female hag, deep umber-brown weathered skin, wild frizzed grey hair sticking straight up as if charged with static, an exaggeratedly long hooked nose nearly touching her upturned chin, small sunken eyes blazing wide with fevered focus, sagging jowls trembling around a muttering open mouth, three long grey chin-hairs twisted into tiny braids, a single large hoop stretching one earlobe low. white background, simple background, chartreuse overall hue, monochromatic chartreuse.",42,euler_ancestral,9,1.0,1024,1280,preset,Arthemy_Bench_HALF.json,ff680ad0a33ee142,2026-09-15 08:08:54
stage5_20260915_080853,stage5,A,17f3ed1f0d34,preset_half,C:\StabilityMatrix-win-x64\Data\Packages\ComfyUI\output\benchmark_stage5\renders,renders/G4_preset_half_seed1337_00001_.png,renders/G4_baseline_seed1337_00001_.png,G4,95acba3b41,hag_chartreuse,"Western comics style, bold ink outlines, hatched shadows, hard chartreuse-tinted rim light glowing along the edges of her face, wild-eyed manic determination, seen from an extreme low angle shot through an imagined gap between her chin and chest, extreme close-up on the head only, tight framing, sharply canted dutch angle. very old female hag, deep umber-brown weathered skin, wild frizzed grey hair sticking straight up as if charged with static, an exaggeratedly long hooked nose nearly touching her upturned chin, small sunken eyes blazing wide with fevered focus, sagging jowls trembling around a muttering open mouth, three long grey chin-hairs twisted into tiny braids, a single large hoop stretching one earlobe low. white background, simple background, chartreuse overall hue, monochromatic chartreuse.",1337,euler_ancestral,9,1.0,1024,1280,preset,Arthemy_Bench_HALF.json,ff680ad0a33ee142,2026-09-15 08:08:54
stage5_20260915_080853,stage5,A,17f3ed1f0d34,preset_half,C:\StabilityMatrix-win-x64\Data\Packages\ComfyUI\output\benchmark_stage5\renders,renders/G4_preset_half_seed777_00001_.png,renders/G4_baseline_seed777_00001_.png,G4,95acba3b41,hag_chartreuse,"Western comics style, bold ink outlines, hatched shadows, hard chartreuse-tinted rim light glowing along the edges of her face, wild-eyed manic determination, seen from an extreme low angle shot through an imagined gap between her chin and chest, extreme close-up on the head only, tight framing, sharply canted dutch angle. very old female hag, deep umber-brown weathered skin, wild frizzed grey hair sticking straight up as if charged with static, an exaggeratedly long hooked nose nearly touching her upturned chin, small sunken eyes blazing wide with fevered focus, sagging jowls trembling around a muttering open mouth, three long grey chin-hairs twisted into tiny braids, a single large hoop stretching one earlobe low. white background, simple background, chartreuse overall hue, monochromatic chartreuse.",777,euler_ancestral,9,1.0,1024,1280,preset,Arthemy_Bench_HALF.json,ff680ad0a33ee142,2026-09-15 08:08:54
stage5_20260915_080853,stage5,A,17f3ed1f0d34,preset_half,C:\StabilityMatrix-win-x64\Data\Packages\ComfyUI\output\benchmark_stage5\renders,renders/G4_preset_half_seed9999_00001_.png,renders/G4_baseline_seed9999_00001_.png,G4,95acba3b41,hag_chartreuse,"Western comics style, bold ink outlines, hatched shadows, hard chartreuse-tinted rim light glowing along the edges of her face, wild-eyed manic determination, seen from an extreme low angle shot through an imagined gap between her chin and chest, extreme close-up on the head only, tight framing, sharply canted dutch angle. very old female hag, deep umber-brown weathered skin, wild frizzed grey hair sticking straight up as if charged with static, an exaggeratedly long hooked nose nearly touching her upturned chin, small sunken eyes blazing wide with fevered focus, sagging jowls trembling around a muttering open mouth, three long grey chin-hairs twisted into tiny braids, a single large hoop stretching one earlobe low. white background, simple background, chartreuse overall hue, monochromatic chartreuse.",9999,euler_ancestral,9,1.0,1024,1280,preset,Arthemy_Bench_HALF.json,ff680ad0a33ee142,2026-09-15 08:08:54
stage5_20260915_080853,stage5,A,83f2d26997da,rand_pos,C:\StabilityMatrix-win-x64\Data\Packages\ComfyUI\output\benchmark_stage5\renders,renders/G4_rand_pos_seed4242145_00001_.png,renders/G4_baseline_seed4242145_00001_.png,G4,95acba3b41,hag_chartreuse,"Western comics style, bold ink outlines, hatched shadows, hard chartreuse-tinted rim light glowing along the edges of her face, wild-eyed manic determination, seen from an extreme low angle shot through an imagined gap between her chin and chest, extreme close-up on the head only, tight framing, sharply canted dutch angle. very old female hag, deep umber-brown weathered skin, wild frizzed grey hair sticking straight up as if charged with static, an exaggeratedly long hooked nose nearly touching her upturned chin, small sunken eyes blazing wide with fevered focus, sagging jowls trembling around a muttering open mouth, three long grey chin-hairs twisted into tiny braids, a single large hoop stretching one earlobe low. white background, simple background, chartreuse overall hue, monochromatic chartreuse.",4242145,euler_ancestral,9,1.0,1024,1280,preset_randsign,Arthemy_Bench_RANDSIGN.json,ff680ad0a33ee142,2026-09-15 08:08:54
stage5_20260915_080853,stage5,A,83f2d26997da,rand_pos,C:\StabilityMatrix-win-x64\Data\Packages\ComfyUI\output\benchmark_stage5\renders,renders/G4_rand_pos_seed42_00001_.png,renders/G4_baseline_seed42_00001_.png,G4,95acba3b41,hag_chartreuse,"Western comics style, bold ink outlines, hatched shadows, hard chartreuse-tinted rim light glowing along the edges of her face, wild-eyed manic determination, seen from an extreme low angle shot through an imagined gap between her chin and chest, extreme close-up on the head only, tight framing, sharply canted dutch angle. very old female hag, deep umber-brown weathered skin, wild frizzed grey hair sticking straight up as if charged with static, an exaggeratedly long hooked nose nearly touching her upturned chin, small sunken eyes blazing wide with fevered focus, sagging jowls trembling around a muttering open mouth, three long grey chin-hairs twisted into tiny braids, a single large hoop stretching one earlobe low. white background, simple background, chartreuse overall hue, monochromatic chartreuse.",42,euler_ancestral,9,1.0,1024,1280,preset_randsign,Arthemy_Bench_RANDSIGN.json,ff680ad0a33ee142,2026-09-15 08:08:54
stage5_20260915_080853,stage5,A,83f2d26997da,rand_pos,C:\StabilityMatrix-win-x64\Data\Packages\ComfyUI\output\benchmark_stage5\renders,renders/G4_rand_pos_seed1337_00001_.png,renders/G4_baseline_seed1337_00001_.png,G4,95acba3b41,hag_chartreuse,"Western comics style, bold ink outlines, hatched shadows, hard chartreuse-tinted rim light glowing along the edges of her face, wild-eyed manic determination, seen from an extreme low angle shot through an imagined gap between her chin and chest, extreme close-up on the head only, tight framing, sharply canted dutch angle. very old female hag, deep umber-brown weathered skin, wild frizzed grey hair sticking straight up as if charged with static, an exaggeratedly long hooked nose nearly touching her upturned chin, small sunken eyes blazing wide with fevered focus, sagging jowls trembling around a muttering open mouth, three long grey chin-hairs twisted into tiny braids, a single large hoop stretching one earlobe low. white background, simple background, chartreuse overall hue, monochromatic chartreuse.",1337,euler_ancestral,9,1.0,1024,1280,preset_randsign,Arthemy_Bench_RANDSIGN.json,ff680ad0a33ee142,2026-09-15 08:08:54
stage5_20260915_080853,stage5,A,83f2d26997da,rand_pos,C:\StabilityMatrix-win-x64\Data\Packages\ComfyUI\output\benchmark_stage5\renders,renders/G4_rand_pos_seed777_00001_.png,renders/G4_baseline_seed777_00001_.png,G4,95acba3b41,hag_chartreuse,"Western comics style, bold ink outlines, hatched shadows, hard chartreuse-tinted rim light glowing along the edges of her face, wild-eyed manic determination, seen from an extreme low angle shot through an imagined gap between her chin and chest, extreme close-up on the head only, tight framing, sharply canted dutch angle. very old female hag, deep umber-brown weathered skin, wild frizzed grey hair sticking straight up as if charged with static, an exaggeratedly long hooked nose nearly touching her upturned chin, small sunken eyes blazing wide with fevered focus, sagging jowls trembling around a muttering open mouth, three long grey chin-hairs twisted into tiny braids, a single large hoop stretching one earlobe low. white background, simple background, chartreuse overall hue, monochromatic chartreuse.",777,euler_ancestral,9,1.0,1024,1280,preset_randsign,Arthemy_Bench_RANDSIGN.json,ff680ad0a33ee142,2026-09-15 08:08:54
stage5_20260915_080853,stage5,A,83f2d26997da,rand_pos,C:\StabilityMatrix-win-x64\Data\Packages\ComfyUI\output\benchmark_stage5\renders,renders/G4_rand_pos_seed9999_00001_.png,renders/G4_baseline_seed9999_00001_.png,G4,95acba3b41,hag_chartreuse,"Western comics style, bold ink outlines, hatched shadows, hard chartreuse-tinted rim light glowing along the edges of her face, wild-eyed manic determination, seen from an extreme low angle shot through an imagined gap between her chin and chest, extreme close-up on the head only, tight framing, sharply canted dutch angle. very old female hag, deep umber-brown weathered skin, wild frizzed grey hair sticking straight up as if charged with static, an exaggeratedly long hooked nose nearly touching her upturned chin, small sunken eyes blazing wide with fevered focus, sagging jowls trembling around a muttering open mouth, three long grey chin-hairs twisted into tiny braids, a single large hoop stretching one earlobe low. white background, simple background, chartreuse overall hue, monochromatic chartreuse.",9999,euler_ancestral,9,1.0,1024,1280,preset_randsign,Arthemy_Bench_RANDSIGN.json,ff680ad0a33ee142,2026-09-15 08:08:54
stage5_20260915_080853,stage5,A,5d92895ebdf9,rand_neg,C:\StabilityMatrix-win-x64\Data\Packages\ComfyUI\output\benchmark_stage5\renders,renders/G4_rand_neg_seed4242145_00001_.png,renders/G4_baseline_seed4242145_00001_.png,G4,95acba3b41,hag_chartreuse,"Western comics style, bold ink outlines, hatched shadows, hard chartreuse-tinted rim light glowing along the edges of her face, wild-eyed manic determination, seen from an extreme low angle shot through an imagined gap between her chin and chest, extreme close-up on the head only, tight framing, sharply canted dutch angle. very old female hag, deep umber-brown weathered skin, wild frizzed grey hair sticking straight up as if charged with static, an exaggeratedly long hooked nose nearly touching her upturned chin, small sunken eyes blazing wide with fevered focus, sagging jowls trembling around a muttering open mouth, three long grey chin-hairs twisted into tiny braids, a single large hoop stretching one earlobe low. white background, simple background, chartreuse overall hue, monochromatic chartreuse.",4242145,euler_ancestral,9,1.0,1024,1280,preset_randsign,Arthemy_Bench_RANDSIGN_NEG.json,ff680ad0a33ee142,2026-09-15 08:08:54
stage5_20260915_080853,stage5,A,5d92895ebdf9,rand_neg,C:\StabilityMatrix-win-x64\Data\Packages\ComfyUI\output\benchmark_stage5\renders,renders/G4_rand_neg_seed42_00001_.png,renders/G4_baseline_seed42_00001_.png,G4,95acba3b41,hag_chartreuse,"Western comics style, bold ink outlines, hatched shadows, hard chartreuse-tinted rim light glowing along the edges of her face, wild-eyed manic determination, seen from an extreme low angle shot through an imagined gap between her chin and chest, extreme close-up on the head only, tight framing, sharply canted dutch angle. very old female hag, deep umber-brown weathered skin, wild frizzed grey hair sticking straight up as if charged with static, an exaggeratedly long hooked nose nearly touching her upturned chin, small sunken eyes blazing wide with fevered focus, sagging jowls trembling around a muttering open mouth, three long grey chin-hairs twisted into tiny braids, a single large hoop stretching one earlobe low. white background, simple background, chartreuse overall hue, monochromatic chartreuse.",42,euler_ancestral,9,1.0,1024,1280,preset_randsign,Arthemy_Bench_RANDSIGN_NEG.json,ff680ad0a33ee142,2026-09-15 08:08:54
stage5_20260915_080853,stage5,A,5d92895ebdf9,rand_neg,C:\StabilityMatrix-win-x64\Data\Packages\ComfyUI\output\benchmark_stage5\renders,renders/G4_rand_neg_seed1337_00001_.png,renders/G4_baseline_seed1337_00001_.png,G4,95acba3b41,hag_chartreuse,"Western comics style, bold ink outlines, hatched shadows, hard chartreuse-tinted rim light glowing along the edges of her face, wild-eyed manic determination, seen from an extreme low angle shot through an imagined gap between her chin and chest, extreme close-up on the head only, tight framing, sharply canted dutch angle. very old female hag, deep umber-brown weathered skin, wild frizzed grey hair sticking straight up as if charged with static, an exaggeratedly long hooked nose nearly touching her upturned chin, small sunken eyes blazing wide with fevered focus, sagging jowls trembling around a muttering open mouth, three long grey chin-hairs twisted into tiny braids, a single large hoop stretching one earlobe low. white background, simple background, chartreuse overall hue, monochromatic chartreuse.",1337,euler_ancestral,9,1.0,1024,1280,preset_randsign,Arthemy_Bench_RANDSIGN_NEG.json,ff680ad0a33ee142,2026-09-15 08:08:54
stage5_20260915_080853,stage5,A,5d92895ebdf9,rand_neg,C:\StabilityMatrix-win-x64\Data\Packages\ComfyUI\output\benchmark_stage5\renders,renders/G4_rand_neg_seed777_00001_.png,renders/G4_baseline_seed777_00001_.png,G4,95acba3b41,hag_chartreuse,"Western comics style, bold ink outlines, hatched shadows, hard chartreuse-tinted rim light glowing along the edges of her face, wild-eyed manic determination, seen from an extreme low angle shot through an imagined gap between her chin and chest, extreme close-up on the head only, tight framing, sharply canted dutch angle. very old female hag, deep umber-brown weathered skin, wild frizzed grey hair sticking straight up as if charged with static, an exaggeratedly long hooked nose nearly touching her upturned chin, small sunken eyes blazing wide with fevered focus, sagging jowls trembling around a muttering open mouth, three long grey chin-hairs twisted into tiny braids, a single large hoop stretching one earlobe low. white background, simple background, chartreuse overall hue, monochromatic chartreuse.",777,euler_ancestral,9,1.0,1024,1280,preset_randsign,Arthemy_Bench_RANDSIGN_NEG.json,ff680ad0a33ee142,2026-09-15 08:08:54
stage5_20260915_080853,stage5,A,5d92895ebdf9,rand_neg,C:\StabilityMatrix-win-x64\Data\Packages\ComfyUI\output\benchmark_stage5\renders,renders/G4_rand_neg_seed9999_00001_.png,renders/G4_baseline_seed9999_00001_.png,G4,95acba3b41,hag_chartreuse,"Western comics style, bold ink outlines, hatched shadows, hard chartreuse-tinted rim light glowing along the edges of her face, wild-eyed manic determination, seen from an extreme low angle shot through an imagined gap between her chin and chest, extreme close-up on the head only, tight framing, sharply canted dutch angle. very old female hag, deep umber-brown weathered skin, wild frizzed grey hair sticking straight up as if charged with static, an exaggeratedly long hooked nose nearly touching her upturned chin, small sunken eyes blazing wide with fevered focus, sagging jowls trembling around a muttering open mouth, three long grey chin-hairs twisted into tiny braids, a single large hoop stretching one earlobe low. white background, simple background, chartreuse overall hue, monochromatic chartreuse.",9999,euler_ancestral,9,1.0,1024,1280,preset_randsign,Arthemy_Bench_RANDSIGN_NEG.json,ff680ad0a33ee142,2026-09-15 08:08:54
stage5_20260915_080853,stage5,A,449bac6a16bd,blockshuf_pos,C:\StabilityMatrix-win-x64\Data\Packages\ComfyUI\output\benchmark_stage5\renders,renders/G4_blockshuf_pos_seed4242145_00001_.png,renders/G4_baseline_seed4242145_00001_.png,G4,95acba3b41,hag_chartreuse,"Western comics style, bold ink outlines, hatched shadows, hard chartreuse-tinted rim light glowing along the edges of her face, wild-eyed manic determination, seen from an extreme low angle shot through an imagined gap between her chin and chest, extreme close-up on the head only, tight framing, sharply canted dutch angle. very old female hag, deep umber-brown weathered skin, wild frizzed grey hair sticking straight up as if charged with static, an exaggeratedly long hooked nose nearly touching her upturned chin, small sunken eyes blazing wide with fevered focus, sagging jowls trembling around a muttering open mouth, three long grey chin-hairs twisted into tiny braids, a single large hoop stretching one earlobe low. white background, simple background, chartreuse overall hue, monochromatic chartreuse.",4242145,euler_ancestral,9,1.0,1024,1280,preset_blockshuffle,Arthemy_Bench_BLOCKSHUFFLE.json,ff680ad0a33ee142,2026-09-15 08:08:54
stage5_20260915_080853,stage5,A,449bac6a16bd,blockshuf_pos,C:\StabilityMatrix-win-x64\Data\Packages\ComfyUI\output\benchmark_stage5\renders,renders/G4_blockshuf_pos_seed42_00001_.png,renders/G4_baseline_seed42_00001_.png,G4,95acba3b41,hag_chartreuse,"Western comics style, bold ink outlines, hatched shadows, hard chartreuse-tinted rim light glowing along the edges of her face, wild-eyed manic determination, seen from an extreme low angle shot through an imagined gap between her chin and chest, extreme close-up on the head only, tight framing, sharply canted dutch angle. very old female hag, deep umber-brown weathered skin, wild frizzed grey hair sticking straight up as if charged with static, an exaggeratedly long hooked nose nearly touching her upturned chin, small sunken eyes blazing wide with fevered focus, sagging jowls trembling around a muttering open mouth, three long grey chin-hairs twisted into tiny braids, a single large hoop stretching one earlobe low. white background, simple background, chartreuse overall hue, monochromatic chartreuse.",42,euler_ancestral,9,1.0,1024,1280,preset_blockshuffle,Arthemy_Bench_BLOCKSHUFFLE.json,ff680ad0a33ee142,2026-09-15 08:08:54
stage5_20260915_080853,stage5,A,449bac6a16bd,blockshuf_pos,C:\StabilityMatrix-win-x64\Data\Packages\ComfyUI\output\benchmark_stage5\renders,renders/G4_blockshuf_pos_seed1337_00001_.png,renders/G4_baseline_seed1337_00001_.png,G4,95acba3b41,hag_chartreuse,"Western comics style, bold ink outlines, hatched shadows, hard chartreuse-tinted rim light glowing along the edges of her face, wild-eyed manic determination, seen from an extreme low angle shot through an imagined gap between her chin and chest, extreme close-up on the head only, tight framing, sharply canted dutch angle. very old female hag, deep umber-brown weathered skin, wild frizzed grey hair sticking straight up as if charged with static, an exaggeratedly long hooked nose nearly touching her upturned chin, small sunken eyes blazing wide with fevered focus, sagging jowls trembling around a muttering open mouth, three long grey chin-hairs twisted into tiny braids, a single large hoop stretching one earlobe low. white background, simple background, chartreuse overall hue, monochromatic chartreuse.",1337,euler_ancestral,9,1.0,1024,1280,preset_blockshuffle,Arthemy_Bench_BLOCKSHUFFLE.json,ff680ad0a33ee142,2026-09-15 08:08:54
stage5_20260915_080853,stage5,A,449bac6a16bd,blockshuf_pos,C:\StabilityMatrix-win-x64\Data\Packages\ComfyUI\output\benchmark_stage5\renders,renders/G4_blockshuf_pos_seed777_00001_.png,renders/G4_baseline_seed777_00001_.png,G4,95acba3b41,hag_chartreuse,"Western comics style, bold ink outlines, hatched shadows, hard chartreuse-tinted rim light glowing along the edges of her face, wild-eyed manic determination, seen from an extreme low angle shot through an imagined gap between her chin and chest, extreme close-up on the head only, tight framing, sharply canted dutch angle. very old female hag, deep umber-brown weathered skin, wild frizzed grey hair sticking straight up as if charged with static, an exaggeratedly long hooked nose nearly touching her upturned chin, small sunken eyes blazing wide with fevered focus, sagging jowls trembling around a muttering open mouth, three long grey chin-hairs twisted into tiny braids, a single large hoop stretching one earlobe low. white background, simple background, chartreuse overall hue, monochromatic chartreuse.",777,euler_ancestral,9,1.0,1024,1280,preset_blockshuffle,Arthemy_Bench_BLOCKSHUFFLE.json,ff680ad0a33ee142,2026-09-15 08:08:54
stage5_20260915_080853,stage5,A,449bac6a16bd,blockshuf_pos,C:\StabilityMatrix-win-x64\Data\Packages\ComfyUI\output\benchmark_stage5\renders,renders/G4_blockshuf_pos_seed9999_00001_.png,renders/G4_baseline_seed9999_00001_.png,G4,95acba3b41,hag_chartreuse,"Western comics style, bold ink outlines, hatched shadows, hard chartreuse-tinted rim light glowing along the edges of her face, wild-eyed manic determination, seen from an extreme low angle shot through an imagined gap between her chin and chest, extreme close-up on the head only, tight framing, sharply canted dutch angle. very old female hag, deep umber-brown weathered skin, wild frizzed grey hair sticking straight up as if charged with static, an exaggeratedly long hooked nose nearly touching her upturned chin, small sunken eyes blazing wide with fevered focus, sagging jowls trembling around a muttering open mouth, three long grey chin-hairs twisted into tiny braids, a single large hoop stretching one earlobe low. white background, simple background, chartreuse overall hue, monochromatic chartreuse.",9999,euler_ancestral,9,1.0,1024,1280,preset_blockshuffle,Arthemy_Bench_BLOCKSHUFFLE.json,ff680ad0a33ee142,2026-09-15 08:08:54
stage5_20260915_080853,stage5,A,9e5b7b90d6af,blockshuf_neg,C:\StabilityMatrix-win-x64\Data\Packages\ComfyUI\output\benchmark_stage5\renders,renders/G4_blockshuf_neg_seed4242145_00001_.png,renders/G4_baseline_seed4242145_00001_.png,G4,95acba3b41,hag_chartreuse,"Western comics style, bold ink outlines, hatched shadows, hard chartreuse-tinted rim light glowing along the edges of her face, wild-eyed manic determination, seen from an extreme low angle shot through an imagined gap between her chin and chest, extreme close-up on the head only, tight framing, sharply canted dutch angle. very old female hag, deep umber-brown weathered skin, wild frizzed grey hair sticking straight up as if charged with static, an exaggeratedly long hooked nose nearly touching her upturned chin, small sunken eyes blazing wide with fevered focus, sagging jowls trembling around a muttering open mouth, three long grey chin-hairs twisted into tiny braids, a single large hoop stretching one earlobe low. white background, simple background, chartreuse overall hue, monochromatic chartreuse.",4242145,euler_ancestral,9,1.0,1024,1280,preset_blockshuffle,Arthemy_Bench_BLOCKSHUFFLE_NEG.json,ff680ad0a33ee142,2026-09-15 08:08:54
stage5_20260915_080853,stage5,A,9e5b7b90d6af,blockshuf_neg,C:\StabilityMatrix-win-x64\Data\Packages\ComfyUI\output\benchmark_stage5\renders,renders/G4_blockshuf_neg_seed42_00001_.png,renders/G4_baseline_seed42_00001_.png,G4,95acba3b41,hag_chartreuse,"Western comics style, bold ink outlines, hatched shadows, hard chartreuse-tinted rim light glowing along the edges of her face, wild-eyed manic determination, seen from an extreme low angle shot through an imagined gap between her chin and chest, extreme close-up on the head only, tight framing, sharply canted dutch angle. very old female hag, deep umber-brown weathered skin, wild frizzed grey hair sticking straight up as if charged with static, an exaggeratedly long hooked nose nearly touching her upturned chin, small sunken eyes blazing wide with fevered focus, sagging jowls trembling around a muttering open mouth, three long grey chin-hairs twisted into tiny braids, a single large hoop stretching one earlobe low. white background, simple background, chartreuse overall hue, monochromatic chartreuse.",42,euler_ancestral,9,1.0,1024,1280,preset_blockshuffle,Arthemy_Bench_BLOCKSHUFFLE_NEG.json,ff680ad0a33ee142,2026-09-15 08:08:54
stage5_20260915_080853,stage5,A,9e5b7b90d6af,blockshuf_neg,C:\StabilityMatrix-win-x64\Data\Packages\ComfyUI\output\benchmark_stage5\renders,renders/G4_blockshuf_neg_seed1337_00001_.png,renders/G4_baseline_seed1337_00001_.png,G4,95acba3b41,hag_chartreuse,"Western comics style, bold ink outlines, hatched shadows, hard chartreuse-tinted rim light glowing along the edges of her face, wild-eyed manic determination, seen from an extreme low angle shot through an imagined gap between her chin and chest, extreme close-up on the head only, tight framing, sharply canted dutch angle. very old female hag, deep umber-brown weathered skin, wild frizzed grey hair sticking straight up as if charged with static, an exaggeratedly long hooked nose nearly touching her upturned chin, small sunken eyes blazing wide with fevered focus, sagging jowls trembling around a muttering open mouth, three long grey chin-hairs twisted into tiny braids, a single large hoop stretching one earlobe low. white background, simple background, chartreuse overall hue, monochromatic chartreuse.",1337,euler_ancestral,9,1.0,1024,1280,preset_blockshuffle,Arthemy_Bench_BLOCKSHUFFLE_NEG.json,ff680ad0a33ee142,2026-09-15 08:08:54
stage5_20260915_080853,stage5,A,9e5b7b90d6af,blockshuf_neg,C:\StabilityMatrix-win-x64\Data\Packages\ComfyUI\output\benchmark_stage5\renders,renders/G4_blockshuf_neg_seed777_00001_.png,renders/G4_baseline_seed777_00001_.png,G4,95acba3b41,hag_chartreuse,"Western comics style, bold ink outlines, hatched shadows, hard chartreuse-tinted rim light glowing along the edges of her face, wild-eyed manic determination, seen from an extreme low angle shot through an imagined gap between her chin and chest, extreme close-up on the head only, tight framing, sharply canted dutch angle. very old female hag, deep umber-brown weathered skin, wild frizzed grey hair sticking straight up as if charged with static, an exaggeratedly long hooked nose nearly touching her upturned chin, small sunken eyes blazing wide with fevered focus, sagging jowls trembling around a muttering open mouth, three long grey chin-hairs twisted into tiny braids, a single large hoop stretching one earlobe low. white background, simple background, chartreuse overall hue, monochromatic chartreuse.",777,euler_ancestral,9,1.0,1024,1280,preset_blockshuffle,Arthemy_Bench_BLOCKSHUFFLE_NEG.json,ff680ad0a33ee142,2026-09-15 08:08:54
stage5_20260915_080853,stage5,A,9e5b7b90d6af,blockshuf_neg,C:\StabilityMatrix-win-x64\Data\Packages\ComfyUI\output\benchmark_stage5\renders,renders/G4_blockshuf_neg_seed9999_00001_.png,renders/G4_baseline_seed9999_00001_.png,G4,95acba3b41,hag_chartreuse,"Western comics style, bold ink outlines, hatched shadows, hard chartreuse-tinted rim light glowing along the edges of her face, wild-eyed manic determination, seen from an extreme low angle shot through an imagined gap between her chin and chest, extreme close-up on the head only, tight framing, sharply canted dutch angle. very old female hag, deep umber-brown weathered skin, wild frizzed grey hair sticking straight up as if charged with static, an exaggeratedly long hooked nose nearly touching her upturned chin, small sunken eyes blazing wide with fevered focus, sagging jowls trembling around a muttering open mouth, three long grey chin-hairs twisted into tiny braids, a single large hoop stretching one earlobe low. white background, simple background, chartreuse overall hue, monochromatic chartreuse.",9999,euler_ancestral,9,1.0,1024,1280,preset_blockshuffle,Arthemy_Bench_BLOCKSHUFFLE_NEG.json,ff680ad0a33ee142,2026-09-15 08:08:54
stage5_20260915_080853,stage5,A,74d1f804c25e,baseline,C:\StabilityMatrix-win-x64\Data\Packages\ComfyUI\output\benchmark_stage5\renders,renders/G5_baseline_seed4242145_00001_.png,renders/G5_baseline_seed4242145_00001_.png,G5,5a0d2949e1,dwarf_sneeze_blue,"Western comics style, bold ink outlines, hatched shadows, hard blue-tinted rim light glowing along the edges of her face, explosive uncontrollable sneeze, seen from an extreme close angle shot from below her nostrils looking straight up, extreme close-up on the head only, tight framing, wildly canted dutch angle. middle-aged female dwarf, deep rust-orange sun-weathered skin, elaborate silver hair twisted into thick coiled loops atop her head, eyebrows scrunched violently together, a broad nose flared wide mid-sneeze, eyes squeezed shut with lashes fanned outward, mouth caught wide open in an explosive ""achoo"", a jeweled hairpin knocked askew, small crumbs of some pastry still clinging to her lower lip. white background, simple background, blue overall hue, monochromatic blue.",4242145,euler_ancestral,9,1.0,1024,1280,baseline,,ff680ad0a33ee142,2026-09-15 08:08:54
stage5_20260915_080853,stage5,A,533afc52a97f,baseline,C:\StabilityMatrix-win-x64\Data\Packages\ComfyUI\output\benchmark_stage5\renders,renders/G5_baseline_seed42_00001_.png,renders/G5_baseline_seed42_00001_.png,G5,5a0d2949e1,dwarf_sneeze_blue,"Western comics style, bold ink outlines, hatched shadows, hard blue-tinted rim light glowing along the edges of her face, explosive uncontrollable sneeze, seen from an extreme close angle shot from below her nostrils looking straight up, extreme close-up on the head only, tight framing, wildly canted dutch angle. middle-aged female dwarf, deep rust-orange sun-weathered skin, elaborate silver hair twisted into thick coiled loops atop her head, eyebrows scrunched violently together, a broad nose flared wide mid-sneeze, eyes squeezed shut with lashes fanned outward, mouth caught wide open in an explosive ""achoo"", a jeweled hairpin knocked askew, small crumbs of some pastry still clinging to her lower lip. white background, simple background, blue overall hue, monochromatic blue.",42,euler_ancestral,9,1.0,1024,1280,baseline,,ff680ad0a33ee142,2026-09-15 08:08:54
stage5_20260915_080853,stage5,A,db3931faa5cf,baseline,C:\StabilityMatrix-win-x64\Data\Packages\ComfyUI\output\benchmark_stage5\renders,renders/G5_baseline_seed1337_00001_.png,renders/G5_baseline_seed1337_00001_.png,G5,5a0d2949e1,dwarf_sneeze_blue,"Western comics style, bold ink outlines, hatched shadows, hard blue-tinted rim light glowing along the edges of her face, explosive uncontrollable sneeze, seen from an extreme close angle shot from below her nostrils looking straight up, extreme close-up on the head only, tight framing, wildly canted dutch angle. middle-aged female dwarf, deep rust-orange sun-weathered skin, elaborate silver hair twisted into thick coiled loops atop her head, eyebrows scrunched violently together, a broad nose flared wide mid-sneeze, eyes squeezed shut with lashes fanned outward, mouth caught wide open in an explosive ""achoo"", a jeweled hairpin knocked askew, small crumbs of some pastry still clinging to her lower lip. white background, simple background, blue overall hue, monochromatic blue.",1337,euler_ancestral,9,1.0,1024,1280,baseline,,ff680ad0a33ee142,2026-09-15 08:08:54
stage5_20260915_080853,stage5,A,eadc0768569f,baseline,C:\StabilityMatrix-win-x64\Data\Packages\ComfyUI\output\benchmark_stage5\renders,renders/G5_baseline_seed777_00001_.png,renders/G5_baseline_seed777_00001_.png,G5,5a0d2949e1,dwarf_sneeze_blue,"Western comics style, bold ink outlines, hatched shadows, hard blue-tinted rim light glowing along the edges of her face, explosive uncontrollable sneeze, seen from an extreme close angle shot from below her nostrils looking straight up, extreme close-up on the head only, tight framing, wildly canted dutch angle. middle-aged female dwarf, deep rust-orange sun-weathered skin, elaborate silver hair twisted into thick coiled loops atop her head, eyebrows scrunched violently together, a broad nose flared wide mid-sneeze, eyes squeezed shut with lashes fanned outward, mouth caught wide open in an explosive ""achoo"", a jeweled hairpin knocked askew, small crumbs of some pastry still clinging to her lower lip. white background, simple background, blue overall hue, monochromatic blue.",777,euler_ancestral,9,1.0,1024,1280,baseline,,ff680ad0a33ee142,2026-09-15 08:08:54
stage5_20260915_080853,stage5,A,66d277161d00,baseline,C:\StabilityMatrix-win-x64\Data\Packages\ComfyUI\output\benchmark_stage5\renders,renders/G5_baseline_seed9999_00001_.png,renders/G5_baseline_seed9999_00001_.png,G5,5a0d2949e1,dwarf_sneeze_blue,"Western comics style, bold ink outlines, hatched shadows, hard blue-tinted rim light glowing along the edges of her face, explosive uncontrollable sneeze, seen from an extreme close angle shot from below her nostrils looking straight up, extreme close-up on the head only, tight framing, wildly canted dutch angle. middle-aged female dwarf, deep rust-orange sun-weathered skin, elaborate silver hair twisted into thick coiled loops atop her head, eyebrows scrunched violently together, a broad nose flared wide mid-sneeze, eyes squeezed shut with lashes fanned outward, mouth caught wide open in an explosive ""achoo"", a jeweled hairpin knocked askew, small crumbs of some pastry still clinging to her lower lip. white background, simple background, blue overall hue, monochromatic blue.",9999,euler_ancestral,9,1.0,1024,1280,baseline,,ff680ad0a33ee142,2026-09-15 08:08:54
stage5_20260915_080853,stage5,A,92b9eee42f66,baseline,C:\StabilityMatrix-win-x64\Data\Packages\ComfyUI\output\benchmark_stage5\renders,renders/G5_baseline_seed101_00001_.png,renders/G5_baseline_seed101_00001_.png,G5,5a0d2949e1,dwarf_sneeze_blue,"Western comics style, bold ink outlines, hatched shadows, hard blue-tinted rim light glowing along the edges of her face, explosive uncontrollable sneeze, seen from an extreme close angle shot from below her nostrils looking straight up, extreme close-up on the head only, tight framing, wildly canted dutch angle. middle-aged female dwarf, deep rust-orange sun-weathered skin, elaborate silver hair twisted into thick coiled loops atop her head, eyebrows scrunched violently together, a broad nose flared wide mid-sneeze, eyes squeezed shut with lashes fanned outward, mouth caught wide open in an explosive ""achoo"", a jeweled hairpin knocked askew, small crumbs of some pastry still clinging to her lower lip. white background, simple background, blue overall hue, monochromatic blue.",101,euler_ancestral,9,1.0,1024,1280,baseline,,ff680ad0a33ee142,2026-09-15 08:08:54
stage5_20260915_080853,stage5,A,31e84aa84fac,baseline,C:\StabilityMatrix-win-x64\Data\Packages\ComfyUI\output\benchmark_stage5\renders,renders/G5_baseline_seed102_00001_.png,renders/G5_baseline_seed102_00001_.png,G5,5a0d2949e1,dwarf_sneeze_blue,"Western comics style, bold ink outlines, hatched shadows, hard blue-tinted rim light glowing along the edges of her face, explosive uncontrollable sneeze, seen from an extreme close angle shot from below her nostrils looking straight up, extreme close-up on the head only, tight framing, wildly canted dutch angle. middle-aged female dwarf, deep rust-orange sun-weathered skin, elaborate silver hair twisted into thick coiled loops atop her head, eyebrows scrunched violently together, a broad nose flared wide mid-sneeze, eyes squeezed shut with lashes fanned outward, mouth caught wide open in an explosive ""achoo"", a jeweled hairpin knocked askew, small crumbs of some pastry still clinging to her lower lip. white background, simple background, blue overall hue, monochromatic blue.",102,euler_ancestral,9,1.0,1024,1280,baseline,,ff680ad0a33ee142,2026-09-15 08:08:54
stage5_20260915_080853,stage5,A,ee4242830086,baseline,C:\StabilityMatrix-win-x64\Data\Packages\ComfyUI\output\benchmark_stage5\renders,renders/G5_baseline_seed103_00001_.png,renders/G5_baseline_seed103_00001_.png,G5,5a0d2949e1,dwarf_sneeze_blue,"Western comics style, bold ink outlines, hatched shadows, hard blue-tinted rim light glowing along the edges of her face, explosive uncontrollable sneeze, seen from an extreme close angle shot from below her nostrils looking straight up, extreme close-up on the head only, tight framing, wildly canted dutch angle. middle-aged female dwarf, deep rust-orange sun-weathered skin, elaborate silver hair twisted into thick coiled loops atop her head, eyebrows scrunched violently together, a broad nose flared wide mid-sneeze, eyes squeezed shut with lashes fanned outward, mouth caught wide open in an explosive ""achoo"", a jeweled hairpin knocked askew, small crumbs of some pastry still clinging to her lower lip. white background, simple background, blue overall hue, monochromatic blue.",103,euler_ancestral,9,1.0,1024,1280,baseline,,ff680ad0a33ee142,2026-09-15 08:08:54
stage5_20260915_080853,stage5,A,7675507fdde3,baseline,C:\StabilityMatrix-win-x64\Data\Packages\ComfyUI\output\benchmark_stage5\renders,renders/G5_baseline_seed104_00001_.png,renders/G5_baseline_seed104_00001_.png,G5,5a0d2949e1,dwarf_sneeze_blue,"Western comics style, bold ink outlines, hatched shadows, hard blue-tinted rim light glowing along the edges of her face, explosive uncontrollable sneeze, seen from an extreme close angle shot from below her nostrils looking straight up, extreme close-up on the head only, tight framing, wildly canted dutch angle. middle-aged female dwarf, deep rust-orange sun-weathered skin, elaborate silver hair twisted into thick coiled loops atop her head, eyebrows scrunched violently together, a broad nose flared wide mid-sneeze, eyes squeezed shut with lashes fanned outward, mouth caught wide open in an explosive ""achoo"", a jeweled hairpin knocked askew, small crumbs of some pastry still clinging to her lower lip. white background, simple background, blue overall hue, monochromatic blue.",104,euler_ancestral,9,1.0,1024,1280,baseline,,ff680ad0a33ee142,2026-09-15 08:08:54
stage5_20260915_080853,stage5,A,01cee34390ef,baseline,C:\StabilityMatrix-win-x64\Data\Packages\ComfyUI\output\benchmark_stage5\renders,renders/G5_baseline_seed105_00001_.png,renders/G5_baseline_seed105_00001_.png,G5,5a0d2949e1,dwarf_sneeze_blue,"Western comics style, bold ink outlines, hatched shadows, hard blue-tinted rim light glowing along the edges of her face, explosive uncontrollable sneeze, seen from an extreme close angle shot from below her nostrils looking straight up, extreme close-up on the head only, tight framing, wildly canted dutch angle. middle-aged female dwarf, deep rust-orange sun-weathered skin, elaborate silver hair twisted into thick coiled loops atop her head, eyebrows scrunched violently together, a broad nose flared wide mid-sneeze, eyes squeezed shut with lashes fanned outward, mouth caught wide open in an explosive ""achoo"", a jeweled hairpin knocked askew, small crumbs of some pastry still clinging to her lower lip. white background, simple background, blue overall hue, monochromatic blue.",105,euler_ancestral,9,1.0,1024,1280,baseline,,ff680ad0a33ee142,2026-09-15 08:08:54
stage5_20260915_080853,stage5,A,1b2e4a0bd604,baseline,C:\StabilityMatrix-win-x64\Data\Packages\ComfyUI\output\benchmark_stage5\renders,renders/G5_baseline_seed106_00001_.png,renders/G5_baseline_seed106_00001_.png,G5,5a0d2949e1,dwarf_sneeze_blue,"Western comics style, bold ink outlines, hatched shadows, hard blue-tinted rim light glowing along the edges of her face, explosive uncontrollable sneeze, seen from an extreme close angle shot from below her nostrils looking straight up, extreme close-up on the head only, tight framing, wildly canted dutch angle. middle-aged female dwarf, deep rust-orange sun-weathered skin, elaborate silver hair twisted into thick coiled loops atop her head, eyebrows scrunched violently together, a broad nose flared wide mid-sneeze, eyes squeezed shut with lashes fanned outward, mouth caught wide open in an explosive ""achoo"", a jeweled hairpin knocked askew, small crumbs of some pastry still clinging to her lower lip. white background, simple background, blue overall hue, monochromatic blue.",106,euler_ancestral,9,1.0,1024,1280,baseline,,ff680ad0a33ee142,2026-09-15 08:08:54
stage5_20260915_080853,stage5,A,6f96fd9084c6,baseline,C:\StabilityMatrix-win-x64\Data\Packages\ComfyUI\output\benchmark_stage5\renders,renders/G5_baseline_seed107_00001_.png,renders/G5_baseline_seed107_00001_.png,G5,5a0d2949e1,dwarf_sneeze_blue,"Western comics style, bold ink outlines, hatched shadows, hard blue-tinted rim light glowing along the edges of her face, explosive uncontrollable sneeze, seen from an extreme close angle shot from below her nostrils looking straight up, extreme close-up on the head only, tight framing, wildly canted dutch angle. middle-aged female dwarf, deep rust-orange sun-weathered skin, elaborate silver hair twisted into thick coiled loops atop her head, eyebrows scrunched violently together, a broad nose flared wide mid-sneeze, eyes squeezed shut with lashes fanned outward, mouth caught wide open in an explosive ""achoo"", a jeweled hairpin knocked askew, small crumbs of some pastry still clinging to her lower lip. white background, simple background, blue overall hue, monochromatic blue.",107,euler_ancestral,9,1.0,1024,1280,baseline,,ff680ad0a33ee142,2026-09-15 08:08:54
stage5_20260915_080853,stage5,A,dcd87baafdef,baseline,C:\StabilityMatrix-win-x64\Data\Packages\ComfyUI\output\benchmark_stage5\renders,renders/G5_baseline_seed108_00001_.png,renders/G5_baseline_seed108_00001_.png,G5,5a0d2949e1,dwarf_sneeze_blue,"Western comics style, bold ink outlines, hatched shadows, hard blue-tinted rim light glowing along the edges of her face, explosive uncontrollable sneeze, seen from an extreme close angle shot from below her nostrils looking straight up, extreme close-up on the head only, tight framing, wildly canted dutch angle. middle-aged female dwarf, deep rust-orange sun-weathered skin, elaborate silver hair twisted into thick coiled loops atop her head, eyebrows scrunched violently together, a broad nose flared wide mid-sneeze, eyes squeezed shut with lashes fanned outward, mouth caught wide open in an explosive ""achoo"", a jeweled hairpin knocked askew, small crumbs of some pastry still clinging to her lower lip. white background, simple background, blue overall hue, monochromatic blue.",108,euler_ancestral,9,1.0,1024,1280,baseline,,ff680ad0a33ee142,2026-09-15 08:08:54
stage5_20260915_080853,stage5,A,5f56b9a2f9c7,baseline,C:\StabilityMatrix-win-x64\Data\Packages\ComfyUI\output\benchmark_stage5\renders,renders/G5_baseline_seed109_00001_.png,renders/G5_baseline_seed109_00001_.png,G5,5a0d2949e1,dwarf_sneeze_blue,"Western comics style, bold ink outlines, hatched shadows, hard blue-tinted rim light glowing along the edges of her face, explosive uncontrollable sneeze, seen from an extreme close angle shot from below her nostrils looking straight up, extreme close-up on the head only, tight framing, wildly canted dutch angle. middle-aged female dwarf, deep rust-orange sun-weathered skin, elaborate silver hair twisted into thick coiled loops atop her head, eyebrows scrunched violently together, a broad nose flared wide mid-sneeze, eyes squeezed shut with lashes fanned outward, mouth caught wide open in an explosive ""achoo"", a jeweled hairpin knocked askew, small crumbs of some pastry still clinging to her lower lip. white background, simple background, blue overall hue, monochromatic blue.",109,euler_ancestral,9,1.0,1024,1280,baseline,,ff680ad0a33ee142,2026-09-15 08:08:54
stage5_20260915_080853,stage5,A,d6a5001a07f1,baseline,C:\StabilityMatrix-win-x64\Data\Packages\ComfyUI\output\benchmark_stage5\renders,renders/G5_baseline_seed110_00001_.png,renders/G5_baseline_seed110_00001_.png,G5,5a0d2949e1,dwarf_sneeze_blue,"Western comics style, bold ink outlines, hatched shadows, hard blue-tinted rim light glowing along the edges of her face, explosive uncontrollable sneeze, seen from an extreme close angle shot from below her nostrils looking straight up, extreme close-up on the head only, tight framing, wildly canted dutch angle. middle-aged female dwarf, deep rust-orange sun-weathered skin, elaborate silver hair twisted into thick coiled loops atop her head, eyebrows scrunched violently together, a broad nose flared wide mid-sneeze, eyes squeezed shut with lashes fanned outward, mouth caught wide open in an explosive ""achoo"", a jeweled hairpin knocked askew, small crumbs of some pastry still clinging to her lower lip. white background, simple background, blue overall hue, monochromatic blue.",110,euler_ancestral,9,1.0,1024,1280,baseline,,ff680ad0a33ee142,2026-09-15 08:08:54
stage5_20260915_080853,stage5,A,ad83231e6fda,preset_pos,C:\StabilityMatrix-win-x64\Data\Packages\ComfyUI\output\benchmark_stage5\renders,renders/G5_preset_pos_seed4242145_00001_.png,renders/G5_baseline_seed4242145_00001_.png,G5,5a0d2949e1,dwarf_sneeze_blue,"Western comics style, bold ink outlines, hatched shadows, hard blue-tinted rim light glowing along the edges of her face, explosive uncontrollable sneeze, seen from an extreme close angle shot from below her nostrils looking straight up, extreme close-up on the head only, tight framing, wildly canted dutch angle. middle-aged female dwarf, deep rust-orange sun-weathered skin, elaborate silver hair twisted into thick coiled loops atop her head, eyebrows scrunched violently together, a broad nose flared wide mid-sneeze, eyes squeezed shut with lashes fanned outward, mouth caught wide open in an explosive ""achoo"", a jeweled hairpin knocked askew, small crumbs of some pastry still clinging to her lower lip. white background, simple background, blue overall hue, monochromatic blue.",4242145,euler_ancestral,9,1.0,1024,1280,preset,Arthemy_Bench_Base.json,ff680ad0a33ee142,2026-09-15 08:08:54
stage5_20260915_080853,stage5,A,ad83231e6fda,preset_pos,C:\StabilityMatrix-win-x64\Data\Packages\ComfyUI\output\benchmark_stage5\renders,renders/G5_preset_pos_seed42_00001_.png,renders/G5_baseline_seed42_00001_.png,G5,5a0d2949e1,dwarf_sneeze_blue,"Western comics style, bold ink outlines, hatched shadows, hard blue-tinted rim light glowing along the edges of her face, explosive uncontrollable sneeze, seen from an extreme close angle shot from below her nostrils looking straight up, extreme close-up on the head only, tight framing, wildly canted dutch angle. middle-aged female dwarf, deep rust-orange sun-weathered skin, elaborate silver hair twisted into thick coiled loops atop her head, eyebrows scrunched violently together, a broad nose flared wide mid-sneeze, eyes squeezed shut with lashes fanned outward, mouth caught wide open in an explosive ""achoo"", a jeweled hairpin knocked askew, small crumbs of some pastry still clinging to her lower lip. white background, simple background, blue overall hue, monochromatic blue.",42,euler_ancestral,9,1.0,1024,1280,preset,Arthemy_Bench_Base.json,ff680ad0a33ee142,2026-09-15 08:08:54
stage5_20260915_080853,stage5,A,ad83231e6fda,preset_pos,C:\StabilityMatrix-win-x64\Data\Packages\ComfyUI\output\benchmark_stage5\renders,renders/G5_preset_pos_seed1337_00001_.png,renders/G5_baseline_seed1337_00001_.png,G5,5a0d2949e1,dwarf_sneeze_blue,"Western comics style, bold ink outlines, hatched shadows, hard blue-tinted rim light glowing along the edges of her face, explosive uncontrollable sneeze, seen from an extreme close angle shot from below her nostrils looking straight up, extreme close-up on the head only, tight framing, wildly canted dutch angle. middle-aged female dwarf, deep rust-orange sun-weathered skin, elaborate silver hair twisted into thick coiled loops atop her head, eyebrows scrunched violently together, a broad nose flared wide mid-sneeze, eyes squeezed shut with lashes fanned outward, mouth caught wide open in an explosive ""achoo"", a jeweled hairpin knocked askew, small crumbs of some pastry still clinging to her lower lip. white background, simple background, blue overall hue, monochromatic blue.",1337,euler_ancestral,9,1.0,1024,1280,preset,Arthemy_Bench_Base.json,ff680ad0a33ee142,2026-09-15 08:08:54
stage5_20260915_080853,stage5,A,ad83231e6fda,preset_pos,C:\StabilityMatrix-win-x64\Data\Packages\ComfyUI\output\benchmark_stage5\renders,renders/G5_preset_pos_seed777_00001_.png,renders/G5_baseline_seed777_00001_.png,G5,5a0d2949e1,dwarf_sneeze_blue,"Western comics style, bold ink outlines, hatched shadows, hard blue-tinted rim light glowing along the edges of her face, explosive uncontrollable sneeze, seen from an extreme close angle shot from below her nostrils looking straight up, extreme close-up on the head only, tight framing, wildly canted dutch angle. middle-aged female dwarf, deep rust-orange sun-weathered skin, elaborate silver hair twisted into thick coiled loops atop her head, eyebrows scrunched violently together, a broad nose flared wide mid-sneeze, eyes squeezed shut with lashes fanned outward, mouth caught wide open in an explosive ""achoo"", a jeweled hairpin knocked askew, small crumbs of some pastry still clinging to her lower lip. white background, simple background, blue overall hue, monochromatic blue.",777,euler_ancestral,9,1.0,1024,1280,preset,Arthemy_Bench_Base.json,ff680ad0a33ee142,2026-09-15 08:08:54
stage5_20260915_080853,stage5,A,ad83231e6fda,preset_pos,C:\StabilityMatrix-win-x64\Data\Packages\ComfyUI\output\benchmark_stage5\renders,renders/G5_preset_pos_seed9999_00001_.png,renders/G5_baseline_seed9999_00001_.png,G5,5a0d2949e1,dwarf_sneeze_blue,"Western comics style, bold ink outlines, hatched shadows, hard blue-tinted rim light glowing along the edges of her face, explosive uncontrollable sneeze, seen from an extreme close angle shot from below her nostrils looking straight up, extreme close-up on the head only, tight framing, wildly canted dutch angle. middle-aged female dwarf, deep rust-orange sun-weathered skin, elaborate silver hair twisted into thick coiled loops atop her head, eyebrows scrunched violently together, a broad nose flared wide mid-sneeze, eyes squeezed shut with lashes fanned outward, mouth caught wide open in an explosive ""achoo"", a jeweled hairpin knocked askew, small crumbs of some pastry still clinging to her lower lip. white background, simple background, blue overall hue, monochromatic blue.",9999,euler_ancestral,9,1.0,1024,1280,preset,Arthemy_Bench_Base.json,ff680ad0a33ee142,2026-09-15 08:08:54
stage5_20260915_080853,stage5,A,12421b7e9805,preset_neg,C:\StabilityMatrix-win-x64\Data\Packages\ComfyUI\output\benchmark_stage5\renders,renders/G5_preset_neg_seed4242145_00001_.png,renders/G5_baseline_seed4242145_00001_.png,G5,5a0d2949e1,dwarf_sneeze_blue,"Western comics style, bold ink outlines, hatched shadows, hard blue-tinted rim light glowing along the edges of her face, explosive uncontrollable sneeze, seen from an extreme close angle shot from below her nostrils looking straight up, extreme close-up on the head only, tight framing, wildly canted dutch angle. middle-aged female dwarf, deep rust-orange sun-weathered skin, elaborate silver hair twisted into thick coiled loops atop her head, eyebrows scrunched violently together, a broad nose flared wide mid-sneeze, eyes squeezed shut with lashes fanned outward, mouth caught wide open in an explosive ""achoo"", a jeweled hairpin knocked askew, small crumbs of some pastry still clinging to her lower lip. white background, simple background, blue overall hue, monochromatic blue.",4242145,euler_ancestral,9,1.0,1024,1280,preset,Arthemy_Bench_NEG.json,ff680ad0a33ee142,2026-09-15 08:08:54
stage5_20260915_080853,stage5,A,12421b7e9805,preset_neg,C:\StabilityMatrix-win-x64\Data\Packages\ComfyUI\output\benchmark_stage5\renders,renders/G5_preset_neg_seed42_00001_.png,renders/G5_baseline_seed42_00001_.png,G5,5a0d2949e1,dwarf_sneeze_blue,"Western comics style, bold ink outlines, hatched shadows, hard blue-tinted rim light glowing along the edges of her face, explosive uncontrollable sneeze, seen from an extreme close angle shot from below her nostrils looking straight up, extreme close-up on the head only, tight framing, wildly canted dutch angle. middle-aged female dwarf, deep rust-orange sun-weathered skin, elaborate silver hair twisted into thick coiled loops atop her head, eyebrows scrunched violently together, a broad nose flared wide mid-sneeze, eyes squeezed shut with lashes fanned outward, mouth caught wide open in an explosive ""achoo"", a jeweled hairpin knocked askew, small crumbs of some pastry still clinging to her lower lip. white background, simple background, blue overall hue, monochromatic blue.",42,euler_ancestral,9,1.0,1024,1280,preset,Arthemy_Bench_NEG.json,ff680ad0a33ee142,2026-09-15 08:08:54
stage5_20260915_080853,stage5,A,12421b7e9805,preset_neg,C:\StabilityMatrix-win-x64\Data\Packages\ComfyUI\output\benchmark_stage5\renders,renders/G5_preset_neg_seed1337_00001_.png,renders/G5_baseline_seed1337_00001_.png,G5,5a0d2949e1,dwarf_sneeze_blue,"Western comics style, bold ink outlines, hatched shadows, hard blue-tinted rim light glowing along the edges of her face, explosive uncontrollable sneeze, seen from an extreme close angle shot from below her nostrils looking straight up, extreme close-up on the head only, tight framing, wildly canted dutch angle. middle-aged female dwarf, deep rust-orange sun-weathered skin, elaborate silver hair twisted into thick coiled loops atop her head, eyebrows scrunched violently together, a broad nose flared wide mid-sneeze, eyes squeezed shut with lashes fanned outward, mouth caught wide open in an explosive ""achoo"", a jeweled hairpin knocked askew, small crumbs of some pastry still clinging to her lower lip. white background, simple background, blue overall hue, monochromatic blue.",1337,euler_ancestral,9,1.0,1024,1280,preset,Arthemy_Bench_NEG.json,ff680ad0a33ee142,2026-09-15 08:08:54
stage5_20260915_080853,stage5,A,12421b7e9805,preset_neg,C:\StabilityMatrix-win-x64\Data\Packages\ComfyUI\output\benchmark_stage5\renders,renders/G5_preset_neg_seed777_00001_.png,renders/G5_baseline_seed777_00001_.png,G5,5a0d2949e1,dwarf_sneeze_blue,"Western comics style, bold ink outlines, hatched shadows, hard blue-tinted rim light glowing along the edges of her face, explosive uncontrollable sneeze, seen from an extreme close angle shot from below her nostrils looking straight up, extreme close-up on the head only, tight framing, wildly canted dutch angle. middle-aged female dwarf, deep rust-orange sun-weathered skin, elaborate silver hair twisted into thick coiled loops atop her head, eyebrows scrunched violently together, a broad nose flared wide mid-sneeze, eyes squeezed shut with lashes fanned outward, mouth caught wide open in an explosive ""achoo"", a jeweled hairpin knocked askew, small crumbs of some pastry still clinging to her lower lip. white background, simple background, blue overall hue, monochromatic blue.",777,euler_ancestral,9,1.0,1024,1280,preset,Arthemy_Bench_NEG.json,ff680ad0a33ee142,2026-09-15 08:08:54
stage5_20260915_080853,stage5,A,12421b7e9805,preset_neg,C:\StabilityMatrix-win-x64\Data\Packages\ComfyUI\output\benchmark_stage5\renders,renders/G5_preset_neg_seed9999_00001_.png,renders/G5_baseline_seed9999_00001_.png,G5,5a0d2949e1,dwarf_sneeze_blue,"Western comics style, bold ink outlines, hatched shadows, hard blue-tinted rim light glowing along the edges of her face, explosive uncontrollable sneeze, seen from an extreme close angle shot from below her nostrils looking straight up, extreme close-up on the head only, tight framing, wildly canted dutch angle. middle-aged female dwarf, deep rust-orange sun-weathered skin, elaborate silver hair twisted into thick coiled loops atop her head, eyebrows scrunched violently together, a broad nose flared wide mid-sneeze, eyes squeezed shut with lashes fanned outward, mouth caught wide open in an explosive ""achoo"", a jeweled hairpin knocked askew, small crumbs of some pastry still clinging to her lower lip. white background, simple background, blue overall hue, monochromatic blue.",9999,euler_ancestral,9,1.0,1024,1280,preset,Arthemy_Bench_NEG.json,ff680ad0a33ee142,2026-09-15 08:08:54
stage5_20260915_080853,stage5,A,17f3ed1f0d34,preset_half,C:\StabilityMatrix-win-x64\Data\Packages\ComfyUI\output\benchmark_stage5\renders,renders/G5_preset_half_seed4242145_00001_.png,renders/G5_baseline_seed4242145_00001_.png,G5,5a0d2949e1,dwarf_sneeze_blue,"Western comics style, bold ink outlines, hatched shadows, hard blue-tinted rim light glowing along the edges of her face, explosive uncontrollable sneeze, seen from an extreme close angle shot from below her nostrils looking straight up, extreme close-up on the head only, tight framing, wildly canted dutch angle. middle-aged female dwarf, deep rust-orange sun-weathered skin, elaborate silver hair twisted into thick coiled loops atop her head, eyebrows scrunched violently together, a broad nose flared wide mid-sneeze, eyes squeezed shut with lashes fanned outward, mouth caught wide open in an explosive ""achoo"", a jeweled hairpin knocked askew, small crumbs of some pastry still clinging to her lower lip. white background, simple background, blue overall hue, monochromatic blue.",4242145,euler_ancestral,9,1.0,1024,1280,preset,Arthemy_Bench_HALF.json,ff680ad0a33ee142,2026-09-15 08:08:54
stage5_20260915_080853,stage5,A,17f3ed1f0d34,preset_half,C:\StabilityMatrix-win-x64\Data\Packages\ComfyUI\output\benchmark_stage5\renders,renders/G5_preset_half_seed42_00001_.png,renders/G5_baseline_seed42_00001_.png,G5,5a0d2949e1,dwarf_sneeze_blue,"Western comics style, bold ink outlines, hatched shadows, hard blue-tinted rim light glowing along the edges of her face, explosive uncontrollable sneeze, seen from an extreme close angle shot from below her nostrils looking straight up, extreme close-up on the head only, tight framing, wildly canted dutch angle. middle-aged female dwarf, deep rust-orange sun-weathered skin, elaborate silver hair twisted into thick coiled loops atop her head, eyebrows scrunched violently together, a broad nose flared wide mid-sneeze, eyes squeezed shut with lashes fanned outward, mouth caught wide open in an explosive ""achoo"", a jeweled hairpin knocked askew, small crumbs of some pastry still clinging to her lower lip. white background, simple background, blue overall hue, monochromatic blue.",42,euler_ancestral,9,1.0,1024,1280,preset,Arthemy_Bench_HALF.json,ff680ad0a33ee142,2026-09-15 08:08:54
stage5_20260915_080853,stage5,A,17f3ed1f0d34,preset_half,C:\StabilityMatrix-win-x64\Data\Packages\ComfyUI\output\benchmark_stage5\renders,renders/G5_preset_half_seed1337_00001_.png,renders/G5_baseline_seed1337_00001_.png,G5,5a0d2949e1,dwarf_sneeze_blue,"Western comics style, bold ink outlines, hatched shadows, hard blue-tinted rim light glowing along the edges of her face, explosive uncontrollable sneeze, seen from an extreme close angle shot from below her nostrils looking straight up, extreme close-up on the head only, tight framing, wildly canted dutch angle. middle-aged female dwarf, deep rust-orange sun-weathered skin, elaborate silver hair twisted into thick coiled loops atop her head, eyebrows scrunched violently together, a broad nose flared wide mid-sneeze, eyes squeezed shut with lashes fanned outward, mouth caught wide open in an explosive ""achoo"", a jeweled hairpin knocked askew, small crumbs of some pastry still clinging to her lower lip. white background, simple background, blue overall hue, monochromatic blue.",1337,euler_ancestral,9,1.0,1024,1280,preset,Arthemy_Bench_HALF.json,ff680ad0a33ee142,2026-09-15 08:08:54
stage5_20260915_080853,stage5,A,17f3ed1f0d34,preset_half,C:\StabilityMatrix-win-x64\Data\Packages\ComfyUI\output\benchmark_stage5\renders,renders/G5_preset_half_seed777_00001_.png,renders/G5_baseline_seed777_00001_.png,G5,5a0d2949e1,dwarf_sneeze_blue,"Western comics style, bold ink outlines, hatched shadows, hard blue-tinted rim light glowing along the edges of her face, explosive uncontrollable sneeze, seen from an extreme close angle shot from below her nostrils looking straight up, extreme close-up on the head only, tight framing, wildly canted dutch angle. middle-aged female dwarf, deep rust-orange sun-weathered skin, elaborate silver hair twisted into thick coiled loops atop her head, eyebrows scrunched violently together, a broad nose flared wide mid-sneeze, eyes squeezed shut with lashes fanned outward, mouth caught wide open in an explosive ""achoo"", a jeweled hairpin knocked askew, small crumbs of some pastry still clinging to her lower lip. white background, simple background, blue overall hue, monochromatic blue.",777,euler_ancestral,9,1.0,1024,1280,preset,Arthemy_Bench_HALF.json,ff680ad0a33ee142,2026-09-15 08:08:54
stage5_20260915_080853,stage5,A,17f3ed1f0d34,preset_half,C:\StabilityMatrix-win-x64\Data\Packages\ComfyUI\output\benchmark_stage5\renders,renders/G5_preset_half_seed9999_00001_.png,renders/G5_baseline_seed9999_00001_.png,G5,5a0d2949e1,dwarf_sneeze_blue,"Western comics style, bold ink outlines, hatched shadows, hard blue-tinted rim light glowing along the edges of her face, explosive uncontrollable sneeze, seen from an extreme close angle shot from below her nostrils looking straight up, extreme close-up on the head only, tight framing, wildly canted dutch angle. middle-aged female dwarf, deep rust-orange sun-weathered skin, elaborate silver hair twisted into thick coiled loops atop her head, eyebrows scrunched violently together, a broad nose flared wide mid-sneeze, eyes squeezed shut with lashes fanned outward, mouth caught wide open in an explosive ""achoo"", a jeweled hairpin knocked askew, small crumbs of some pastry still clinging to her lower lip. white background, simple background, blue overall hue, monochromatic blue.",9999,euler_ancestral,9,1.0,1024,1280,preset,Arthemy_Bench_HALF.json,ff680ad0a33ee142,2026-09-15 08:08:54
stage5_20260915_080853,stage5,A,83f2d26997da,rand_pos,C:\StabilityMatrix-win-x64\Data\Packages\ComfyUI\output\benchmark_stage5\renders,renders/G5_rand_pos_seed4242145_00001_.png,renders/G5_baseline_seed4242145_00001_.png,G5,5a0d2949e1,dwarf_sneeze_blue,"Western comics style, bold ink outlines, hatched shadows, hard blue-tinted rim light glowing along the edges of her face, explosive uncontrollable sneeze, seen from an extreme close angle shot from below her nostrils looking straight up, extreme close-up on the head only, tight framing, wildly canted dutch angle. middle-aged female dwarf, deep rust-orange sun-weathered skin, elaborate silver hair twisted into thick coiled loops atop her head, eyebrows scrunched violently together, a broad nose flared wide mid-sneeze, eyes squeezed shut with lashes fanned outward, mouth caught wide open in an explosive ""achoo"", a jeweled hairpin knocked askew, small crumbs of some pastry still clinging to her lower lip. white background, simple background, blue overall hue, monochromatic blue.",4242145,euler_ancestral,9,1.0,1024,1280,preset_randsign,Arthemy_Bench_RANDSIGN.json,ff680ad0a33ee142,2026-09-15 08:08:54
stage5_20260915_080853,stage5,A,83f2d26997da,rand_pos,C:\StabilityMatrix-win-x64\Data\Packages\ComfyUI\output\benchmark_stage5\renders,renders/G5_rand_pos_seed42_00001_.png,renders/G5_baseline_seed42_00001_.png,G5,5a0d2949e1,dwarf_sneeze_blue,"Western comics style, bold ink outlines, hatched shadows, hard blue-tinted rim light glowing along the edges of her face, explosive uncontrollable sneeze, seen from an extreme close angle shot from below her nostrils looking straight up, extreme close-up on the head only, tight framing, wildly canted dutch angle. middle-aged female dwarf, deep rust-orange sun-weathered skin, elaborate silver hair twisted into thick coiled loops atop her head, eyebrows scrunched violently together, a broad nose flared wide mid-sneeze, eyes squeezed shut with lashes fanned outward, mouth caught wide open in an explosive ""achoo"", a jeweled hairpin knocked askew, small crumbs of some pastry still clinging to her lower lip. white background, simple background, blue overall hue, monochromatic blue.",42,euler_ancestral,9,1.0,1024,1280,preset_randsign,Arthemy_Bench_RANDSIGN.json,ff680ad0a33ee142,2026-09-15 08:08:54
stage5_20260915_080853,stage5,A,83f2d26997da,rand_pos,C:\StabilityMatrix-win-x64\Data\Packages\ComfyUI\output\benchmark_stage5\renders,renders/G5_rand_pos_seed1337_00001_.png,renders/G5_baseline_seed1337_00001_.png,G5,5a0d2949e1,dwarf_sneeze_blue,"Western comics style, bold ink outlines, hatched shadows, hard blue-tinted rim light glowing along the edges of her face, explosive uncontrollable sneeze, seen from an extreme close angle shot from below her nostrils looking straight up, extreme close-up on the head only, tight framing, wildly canted dutch angle. middle-aged female dwarf, deep rust-orange sun-weathered skin, elaborate silver hair twisted into thick coiled loops atop her head, eyebrows scrunched violently together, a broad nose flared wide mid-sneeze, eyes squeezed shut with lashes fanned outward, mouth caught wide open in an explosive ""achoo"", a jeweled hairpin knocked askew, small crumbs of some pastry still clinging to her lower lip. white background, simple background, blue overall hue, monochromatic blue.",1337,euler_ancestral,9,1.0,1024,1280,preset_randsign,Arthemy_Bench_RANDSIGN.json,ff680ad0a33ee142,2026-09-15 08:08:54
stage5_20260915_080853,stage5,A,83f2d26997da,rand_pos,C:\StabilityMatrix-win-x64\Data\Packages\ComfyUI\output\benchmark_stage5\renders,renders/G5_rand_pos_seed777_00001_.png,renders/G5_baseline_seed777_00001_.png,G5,5a0d2949e1,dwarf_sneeze_blue,"Western comics style, bold ink outlines, hatched shadows, hard blue-tinted rim light glowing along the edges of her face, explosive uncontrollable sneeze, seen from an extreme close angle shot from below her nostrils looking straight up, extreme close-up on the head only, tight framing, wildly canted dutch angle. middle-aged female dwarf, deep rust-orange sun-weathered skin, elaborate silver hair twisted into thick coiled loops atop her head, eyebrows scrunched violently together, a broad nose flared wide mid-sneeze, eyes squeezed shut with lashes fanned outward, mouth caught wide open in an explosive ""achoo"", a jeweled hairpin knocked askew, small crumbs of some pastry still clinging to her lower lip. white background, simple background, blue overall hue, monochromatic blue.",777,euler_ancestral,9,1.0,1024,1280,preset_randsign,Arthemy_Bench_RANDSIGN.json,ff680ad0a33ee142,2026-09-15 08:08:54
stage5_20260915_080853,stage5,A,83f2d26997da,rand_pos,C:\StabilityMatrix-win-x64\Data\Packages\ComfyUI\output\benchmark_stage5\renders,renders/G5_rand_pos_seed9999_00001_.png,renders/G5_baseline_seed9999_00001_.png,G5,5a0d2949e1,dwarf_sneeze_blue,"Western comics style, bold ink outlines, hatched shadows, hard blue-tinted rim light glowing along the edges of her face, explosive uncontrollable sneeze, seen from an extreme close angle shot from below her nostrils looking straight up, extreme close-up on the head only, tight framing, wildly canted dutch angle. middle-aged female dwarf, deep rust-orange sun-weathered skin, elaborate silver hair twisted into thick coiled loops atop her head, eyebrows scrunched violently together, a broad nose flared wide mid-sneeze, eyes squeezed shut with lashes fanned outward, mouth caught wide open in an explosive ""achoo"", a jeweled hairpin knocked askew, small crumbs of some pastry still clinging to her lower lip. white background, simple background, blue overall hue, monochromatic blue.",9999,euler_ancestral,9,1.0,1024,1280,preset_randsign,Arthemy_Bench_RANDSIGN.json,ff680ad0a33ee142,2026-09-15 08:08:54
stage5_20260915_080853,stage5,A,5d92895ebdf9,rand_neg,C:\StabilityMatrix-win-x64\Data\Packages\ComfyUI\output\benchmark_stage5\renders,renders/G5_rand_neg_seed4242145_00001_.png,renders/G5_baseline_seed4242145_00001_.png,G5,5a0d2949e1,dwarf_sneeze_blue,"Western comics style, bold ink outlines, hatched shadows, hard blue-tinted rim light glowing along the edges of her face, explosive uncontrollable sneeze, seen from an extreme close angle shot from below her nostrils looking straight up, extreme close-up on the head only, tight framing, wildly canted dutch angle. middle-aged female dwarf, deep rust-orange sun-weathered skin, elaborate silver hair twisted into thick coiled loops atop her head, eyebrows scrunched violently together, a broad nose flared wide mid-sneeze, eyes squeezed shut with lashes fanned outward, mouth caught wide open in an explosive ""achoo"", a jeweled hairpin knocked askew, small crumbs of some pastry still clinging to her lower lip. white background, simple background, blue overall hue, monochromatic blue.",4242145,euler_ancestral,9,1.0,1024,1280,preset_randsign,Arthemy_Bench_RANDSIGN_NEG.json,ff680ad0a33ee142,2026-09-15 08:08:54
stage5_20260915_080853,stage5,A,5d92895ebdf9,rand_neg,C:\StabilityMatrix-win-x64\Data\Packages\ComfyUI\output\benchmark_stage5\renders,renders/G5_rand_neg_seed42_00001_.png,renders/G5_baseline_seed42_00001_.png,G5,5a0d2949e1,dwarf_sneeze_blue,"Western comics style, bold ink outlines, hatched shadows, hard blue-tinted rim light glowing along the edges of her face, explosive uncontrollable sneeze, seen from an extreme close angle shot from below her nostrils looking straight up, extreme close-up on the head only, tight framing, wildly canted dutch angle. middle-aged female dwarf, deep rust-orange sun-weathered skin, elaborate silver hair twisted into thick coiled loops atop her head, eyebrows scrunched violently together, a broad nose flared wide mid-sneeze, eyes squeezed shut with lashes fanned outward, mouth caught wide open in an explosive ""achoo"", a jeweled hairpin knocked askew, small crumbs of some pastry still clinging to her lower lip. white background, simple background, blue overall hue, monochromatic blue.",42,euler_ancestral,9,1.0,1024,1280,preset_randsign,Arthemy_Bench_RANDSIGN_NEG.json,ff680ad0a33ee142,2026-09-15 08:08:54
stage5_20260915_080853,stage5,A,5d92895ebdf9,rand_neg,C:\StabilityMatrix-win-x64\Data\Packages\ComfyUI\output\benchmark_stage5\renders,renders/G5_rand_neg_seed1337_00001_.png,renders/G5_baseline_seed1337_00001_.png,G5,5a0d2949e1,dwarf_sneeze_blue,"Western comics style, bold ink outlines, hatched shadows, hard blue-tinted rim light glowing along the edges of her face, explosive uncontrollable sneeze, seen from an extreme close angle shot from below her nostrils looking straight up, extreme close-up on the head only, tight framing, wildly canted dutch angle. middle-aged female dwarf, deep rust-orange sun-weathered skin, elaborate silver hair twisted into thick coiled loops atop her head, eyebrows scrunched violently together, a broad nose flared wide mid-sneeze, eyes squeezed shut with lashes fanned outward, mouth caught wide open in an explosive ""achoo"", a jeweled hairpin knocked askew, small crumbs of some pastry still clinging to her lower lip. white background, simple background, blue overall hue, monochromatic blue.",1337,euler_ancestral,9,1.0,1024,1280,preset_randsign,Arthemy_Bench_RANDSIGN_NEG.json,ff680ad0a33ee142,2026-09-15 08:08:54
stage5_20260915_080853,stage5,A,5d92895ebdf9,rand_neg,C:\StabilityMatrix-win-x64\Data\Packages\ComfyUI\output\benchmark_stage5\renders,renders/G5_rand_neg_seed777_00001_.png,renders/G5_baseline_seed777_00001_.png,G5,5a0d2949e1,dwarf_sneeze_blue,"Western comics style, bold ink outlines, hatched shadows, hard blue-tinted rim light glowing along the edges of her face, explosive uncontrollable sneeze, seen from an extreme close angle shot from below her nostrils looking straight up, extreme close-up on the head only, tight framing, wildly canted dutch angle. middle-aged female dwarf, deep rust-orange sun-weathered skin, elaborate silver hair twisted into thick coiled loops atop her head, eyebrows scrunched violently together, a broad nose flared wide mid-sneeze, eyes squeezed shut with lashes fanned outward, mouth caught wide open in an explosive ""achoo"", a jeweled hairpin knocked askew, small crumbs of some pastry still clinging to her lower lip. white background, simple background, blue overall hue, monochromatic blue.",777,euler_ancestral,9,1.0,1024,1280,preset_randsign,Arthemy_Bench_RANDSIGN_NEG.json,ff680ad0a33ee142,2026-09-15 08:08:54
stage5_20260915_080853,stage5,A,5d92895ebdf9,rand_neg,C:\StabilityMatrix-win-x64\Data\Packages\ComfyUI\output\benchmark_stage5\renders,renders/G5_rand_neg_seed9999_00001_.png,renders/G5_baseline_seed9999_00001_.png,G5,5a0d2949e1,dwarf_sneeze_blue,"Western comics style, bold ink outlines, hatched shadows, hard blue-tinted rim light glowing along the edges of her face, explosive uncontrollable sneeze, seen from an extreme close angle shot from below her nostrils looking straight up, extreme close-up on the head only, tight framing, wildly canted dutch angle. middle-aged female dwarf, deep rust-orange sun-weathered skin, elaborate silver hair twisted into thick coiled loops atop her head, eyebrows scrunched violently together, a broad nose flared wide mid-sneeze, eyes squeezed shut with lashes fanned outward, mouth caught wide open in an explosive ""achoo"", a jeweled hairpin knocked askew, small crumbs of some pastry still clinging to her lower lip. white background, simple background, blue overall hue, monochromatic blue.",9999,euler_ancestral,9,1.0,1024,1280,preset_randsign,Arthemy_Bench_RANDSIGN_NEG.json,ff680ad0a33ee142,2026-09-15 08:08:54
stage5_20260915_080853,stage5,A,449bac6a16bd,blockshuf_pos,C:\StabilityMatrix-win-x64\Data\Packages\ComfyUI\output\benchmark_stage5\renders,renders/G5_blockshuf_pos_seed4242145_00001_.png,renders/G5_baseline_seed4242145_00001_.png,G5,5a0d2949e1,dwarf_sneeze_blue,"Western comics style, bold ink outlines, hatched shadows, hard blue-tinted rim light glowing along the edges of her face, explosive uncontrollable sneeze, seen from an extreme close angle shot from below her nostrils looking straight up, extreme close-up on the head only, tight framing, wildly canted dutch angle. middle-aged female dwarf, deep rust-orange sun-weathered skin, elaborate silver hair twisted into thick coiled loops atop her head, eyebrows scrunched violently together, a broad nose flared wide mid-sneeze, eyes squeezed shut with lashes fanned outward, mouth caught wide open in an explosive ""achoo"", a jeweled hairpin knocked askew, small crumbs of some pastry still clinging to her lower lip. white background, simple background, blue overall hue, monochromatic blue.",4242145,euler_ancestral,9,1.0,1024,1280,preset_blockshuffle,Arthemy_Bench_BLOCKSHUFFLE.json,ff680ad0a33ee142,2026-09-15 08:08:54
stage5_20260915_080853,stage5,A,449bac6a16bd,blockshuf_pos,C:\StabilityMatrix-win-x64\Data\Packages\ComfyUI\output\benchmark_stage5\renders,renders/G5_blockshuf_pos_seed42_00001_.png,renders/G5_baseline_seed42_00001_.png,G5,5a0d2949e1,dwarf_sneeze_blue,"Western comics style, bold ink outlines, hatched shadows, hard blue-tinted rim light glowing along the edges of her face, explosive uncontrollable sneeze, seen from an extreme close angle shot from below her nostrils looking straight up, extreme close-up on the head only, tight framing, wildly canted dutch angle. middle-aged female dwarf, deep rust-orange sun-weathered skin, elaborate silver hair twisted into thick coiled loops atop her head, eyebrows scrunched violently together, a broad nose flared wide mid-sneeze, eyes squeezed shut with lashes fanned outward, mouth caught wide open in an explosive ""achoo"", a jeweled hairpin knocked askew, small crumbs of some pastry still clinging to her lower lip. white background, simple background, blue overall hue, monochromatic blue.",42,euler_ancestral,9,1.0,1024,1280,preset_blockshuffle,Arthemy_Bench_BLOCKSHUFFLE.json,ff680ad0a33ee142,2026-09-15 08:08:54
stage5_20260915_080853,stage5,A,449bac6a16bd,blockshuf_pos,C:\StabilityMatrix-win-x64\Data\Packages\ComfyUI\output\benchmark_stage5\renders,renders/G5_blockshuf_pos_seed1337_00001_.png,renders/G5_baseline_seed1337_00001_.png,G5,5a0d2949e1,dwarf_sneeze_blue,"Western comics style, bold ink outlines, hatched shadows, hard blue-tinted rim light glowing along the edges of her face, explosive uncontrollable sneeze, seen from an extreme close angle shot from below her nostrils looking straight up, extreme close-up on the head only, tight framing, wildly canted dutch angle. middle-aged female dwarf, deep rust-orange sun-weathered skin, elaborate silver hair twisted into thick coiled loops atop her head, eyebrows scrunched violently together, a broad nose flared wide mid-sneeze, eyes squeezed shut with lashes fanned outward, mouth caught wide open in an explosive ""achoo"", a jeweled hairpin knocked askew, small crumbs of some pastry still clinging to her lower lip. white background, simple background, blue overall hue, monochromatic blue.",1337,euler_ancestral,9,1.0,1024,1280,preset_blockshuffle,Arthemy_Bench_BLOCKSHUFFLE.json,ff680ad0a33ee142,2026-09-15 08:08:54
stage5_20260915_080853,stage5,A,449bac6a16bd,blockshuf_pos,C:\StabilityMatrix-win-x64\Data\Packages\ComfyUI\output\benchmark_stage5\renders,renders/G5_blockshuf_pos_seed777_00001_.png,renders/G5_baseline_seed777_00001_.png,G5,5a0d2949e1,dwarf_sneeze_blue,"Western comics style, bold ink outlines, hatched shadows, hard blue-tinted rim light glowing along the edges of her face, explosive uncontrollable sneeze, seen from an extreme close angle shot from below her nostrils looking straight up, extreme close-up on the head only, tight framing, wildly canted dutch angle. middle-aged female dwarf, deep rust-orange sun-weathered skin, elaborate silver hair twisted into thick coiled loops atop her head, eyebrows scrunched violently together, a broad nose flared wide mid-sneeze, eyes squeezed shut with lashes fanned outward, mouth caught wide open in an explosive ""achoo"", a jeweled hairpin knocked askew, small crumbs of some pastry still clinging to her lower lip. white background, simple background, blue overall hue, monochromatic blue.",777,euler_ancestral,9,1.0,1024,1280,preset_blockshuffle,Arthemy_Bench_BLOCKSHUFFLE.json,ff680ad0a33ee142,2026-09-15 08:08:54
stage5_20260915_080853,stage5,A,449bac6a16bd,blockshuf_pos,C:\StabilityMatrix-win-x64\Data\Packages\ComfyUI\output\benchmark_stage5\renders,renders/G5_blockshuf_pos_seed9999_00001_.png,renders/G5_baseline_seed9999_00001_.png,G5,5a0d2949e1,dwarf_sneeze_blue,"Western comics style, bold ink outlines, hatched shadows, hard blue-tinted rim light glowing along the edges of her face, explosive uncontrollable sneeze, seen from an extreme close angle shot from below her nostrils looking straight up, extreme close-up on the head only, tight framing, wildly canted dutch angle. middle-aged female dwarf, deep rust-orange sun-weathered skin, elaborate silver hair twisted into thick coiled loops atop her head, eyebrows scrunched violently together, a broad nose flared wide mid-sneeze, eyes squeezed shut with lashes fanned outward, mouth caught wide open in an explosive ""achoo"", a jeweled hairpin knocked askew, small crumbs of some pastry still clinging to her lower lip. white background, simple background, blue overall hue, monochromatic blue.",9999,euler_ancestral,9,1.0,1024,1280,preset_blockshuffle,Arthemy_Bench_BLOCKSHUFFLE.json,ff680ad0a33ee142,2026-09-15 08:08:54
stage5_20260915_080853,stage5,A,9e5b7b90d6af,blockshuf_neg,C:\StabilityMatrix-win-x64\Data\Packages\ComfyUI\output\benchmark_stage5\renders,renders/G5_blockshuf_neg_seed4242145_00001_.png,renders/G5_baseline_seed4242145_00001_.png,G5,5a0d2949e1,dwarf_sneeze_blue,"Western comics style, bold ink outlines, hatched shadows, hard blue-tinted rim light glowing along the edges of her face, explosive uncontrollable sneeze, seen from an extreme close angle shot from below her nostrils looking straight up, extreme close-up on the head only, tight framing, wildly canted dutch angle. middle-aged female dwarf, deep rust-orange sun-weathered skin, elaborate silver hair twisted into thick coiled loops atop her head, eyebrows scrunched violently together, a broad nose flared wide mid-sneeze, eyes squeezed shut with lashes fanned outward, mouth caught wide open in an explosive ""achoo"", a jeweled hairpin knocked askew, small crumbs of some pastry still clinging to her lower lip. white background, simple background, blue overall hue, monochromatic blue.",4242145,euler_ancestral,9,1.0,1024,1280,preset_blockshuffle,Arthemy_Bench_BLOCKSHUFFLE_NEG.json,ff680ad0a33ee142,2026-09-15 08:08:54
stage5_20260915_080853,stage5,A,9e5b7b90d6af,blockshuf_neg,C:\StabilityMatrix-win-x64\Data\Packages\ComfyUI\output\benchmark_stage5\renders,renders/G5_blockshuf_neg_seed42_00001_.png,renders/G5_baseline_seed42_00001_.png,G5,5a0d2949e1,dwarf_sneeze_blue,"Western comics style, bold ink outlines, hatched shadows, hard blue-tinted rim light glowing along the edges of her face, explosive uncontrollable sneeze, seen from an extreme close angle shot from below her nostrils looking straight up, extreme close-up on the head only, tight framing, wildly canted dutch angle. middle-aged female dwarf, deep rust-orange sun-weathered skin, elaborate silver hair twisted into thick coiled loops atop her head, eyebrows scrunched violently together, a broad nose flared wide mid-sneeze, eyes squeezed shut with lashes fanned outward, mouth caught wide open in an explosive ""achoo"", a jeweled hairpin knocked askew, small crumbs of some pastry still clinging to her lower lip. white background, simple background, blue overall hue, monochromatic blue.",42,euler_ancestral,9,1.0,1024,1280,preset_blockshuffle,Arthemy_Bench_BLOCKSHUFFLE_NEG.json,ff680ad0a33ee142,2026-09-15 08:08:54
stage5_20260915_080853,stage5,A,9e5b7b90d6af,blockshuf_neg,C:\StabilityMatrix-win-x64\Data\Packages\ComfyUI\output\benchmark_stage5\renders,renders/G5_blockshuf_neg_seed1337_00001_.png,renders/G5_baseline_seed1337_00001_.png,G5,5a0d2949e1,dwarf_sneeze_blue,"Western comics style, bold ink outlines, hatched shadows, hard blue-tinted rim light glowing along the edges of her face, explosive uncontrollable sneeze, seen from an extreme close angle shot from below her nostrils looking straight up, extreme close-up on the head only, tight framing, wildly canted dutch angle. middle-aged female dwarf, deep rust-orange sun-weathered skin, elaborate silver hair twisted into thick coiled loops atop her head, eyebrows scrunched violently together, a broad nose flared wide mid-sneeze, eyes squeezed shut with lashes fanned outward, mouth caught wide open in an explosive ""achoo"", a jeweled hairpin knocked askew, small crumbs of some pastry still clinging to her lower lip. white background, simple background, blue overall hue, monochromatic blue.",1337,euler_ancestral,9,1.0,1024,1280,preset_blockshuffle,Arthemy_Bench_BLOCKSHUFFLE_NEG.json,ff680ad0a33ee142,2026-09-15 08:08:54
stage5_20260915_080853,stage5,A,9e5b7b90d6af,blockshuf_neg,C:\StabilityMatrix-win-x64\Data\Packages\ComfyUI\output\benchmark_stage5\renders,renders/G5_blockshuf_neg_seed777_00001_.png,renders/G5_baseline_seed777_00001_.png,G5,5a0d2949e1,dwarf_sneeze_blue,"Western comics style, bold ink outlines, hatched shadows, hard blue-tinted rim light glowing along the edges of her face, explosive uncontrollable sneeze, seen from an extreme close angle shot from below her nostrils looking straight up, extreme close-up on the head only, tight framing, wildly canted dutch angle. middle-aged female dwarf, deep rust-orange sun-weathered skin, elaborate silver hair twisted into thick coiled loops atop her head, eyebrows scrunched violently together, a broad nose flared wide mid-sneeze, eyes squeezed shut with lashes fanned outward, mouth caught wide open in an explosive ""achoo"", a jeweled hairpin knocked askew, small crumbs of some pastry still clinging to her lower lip. white background, simple background, blue overall hue, monochromatic blue.",777,euler_ancestral,9,1.0,1024,1280,preset_blockshuffle,Arthemy_Bench_BLOCKSHUFFLE_NEG.json,ff680ad0a33ee142,2026-09-15 08:08:54
stage5_20260915_080853,stage5,A,9e5b7b90d6af,blockshuf_neg,C:\StabilityMatrix-win-x64\Data\Packages\ComfyUI\output\benchmark_stage5\renders,renders/G5_blockshuf_neg_seed9999_00001_.png,renders/G5_baseline_seed9999_00001_.png,G5,5a0d2949e1,dwarf_sneeze_blue,"Western comics style, bold ink outlines, hatched shadows, hard blue-tinted rim light glowing along the edges of her face, explosive uncontrollable sneeze, seen from an extreme close angle shot from below her nostrils looking straight up, extreme close-up on the head only, tight framing, wildly canted dutch angle. middle-aged female dwarf, deep rust-orange sun-weathered skin, elaborate silver hair twisted into thick coiled loops atop her head, eyebrows scrunched violently together, a broad nose flared wide mid-sneeze, eyes squeezed shut with lashes fanned outward, mouth caught wide open in an explosive ""achoo"", a jeweled hairpin knocked askew, small crumbs of some pastry still clinging to her lower lip. white background, simple background, blue overall hue, monochromatic blue.",9999,euler_ancestral,9,1.0,1024,1280,preset_blockshuffle,Arthemy_Bench_BLOCKSHUFFLE_NEG.json,ff680ad0a33ee142,2026-09-15 08:08:54
stage5_20260915_080853,stage5,A,74d1f804c25e,baseline,C:\StabilityMatrix-win-x64\Data\Packages\ComfyUI\output\benchmark_stage5\renders,renders/G6_baseline_seed4242145_00001_.png,renders/G6_baseline_seed4242145_00001_.png,G6,0496d2dadf,tiefling_purple,"Western comics style, bold ink outlines, hatched shadows, hard purple-tinted rim light glowing along the edges of his face, severe icy contempt, seen from an extreme side-profile angle canted at a sharp diagonal, extreme close-up on the head only, tight framing, steep dutch angle. older male tiefling, deep charcoal-grey skin, short curling horns swept flat against cropped silver hair, heavy-lidded violet eyes narrowed in judgment, a sharply hooked nose, deep-set lines bracketing a thin frowning mouth, one long fang resting over his lower lip, faint smoke curling from one nostril. white background, simple background, purple overall hue, monochromatic purple.",4242145,euler_ancestral,9,1.0,1024,1280,baseline,,ff680ad0a33ee142,2026-09-15 08:08:54
stage5_20260915_080853,stage5,A,533afc52a97f,baseline,C:\StabilityMatrix-win-x64\Data\Packages\ComfyUI\output\benchmark_stage5\renders,renders/G6_baseline_seed42_00001_.png,renders/G6_baseline_seed42_00001_.png,G6,0496d2dadf,tiefling_purple,"Western comics style, bold ink outlines, hatched shadows, hard purple-tinted rim light glowing along the edges of his face, severe icy contempt, seen from an extreme side-profile angle canted at a sharp diagonal, extreme close-up on the head only, tight framing, steep dutch angle. older male tiefling, deep charcoal-grey skin, short curling horns swept flat against cropped silver hair, heavy-lidded violet eyes narrowed in judgment, a sharply hooked nose, deep-set lines bracketing a thin frowning mouth, one long fang resting over his lower lip, faint smoke curling from one nostril. white background, simple background, purple overall hue, monochromatic purple.",42,euler_ancestral,9,1.0,1024,1280,baseline,,ff680ad0a33ee142,2026-09-15 08:08:54
stage5_20260915_080853,stage5,A,db3931faa5cf,baseline,C:\StabilityMatrix-win-x64\Data\Packages\ComfyUI\output\benchmark_stage5\renders,renders/G6_baseline_seed1337_00001_.png,renders/G6_baseline_seed1337_00001_.png,G6,0496d2dadf,tiefling_purple,"Western comics style, bold ink outlines, hatched shadows, hard purple-tinted rim light glowing along the edges of his face, severe icy contempt, seen from an extreme side-profile angle canted at a sharp diagonal, extreme close-up on the head only, tight framing, steep dutch angle. older male tiefling, deep charcoal-grey skin, short curling horns swept flat against cropped silver hair, heavy-lidded violet eyes narrowed in judgment, a sharply hooked nose, deep-set lines bracketing a thin frowning mouth, one long fang resting over his lower lip, faint smoke curling from one nostril. white background, simple background, purple overall hue, monochromatic purple.",1337,euler_ancestral,9,1.0,1024,1280,baseline,,ff680ad0a33ee142,2026-09-15 08:08:54
stage5_20260915_080853,stage5,A,eadc0768569f,baseline,C:\StabilityMatrix-win-x64\Data\Packages\ComfyUI\output\benchmark_stage5\renders,renders/G6_baseline_seed777_00001_.png,renders/G6_baseline_seed777_00001_.png,G6,0496d2dadf,tiefling_purple,"Western comics style, bold ink outlines, hatched shadows, hard purple-tinted rim light glowing along the edges of his face, severe icy contempt, seen from an extreme side-profile angle canted at a sharp diagonal, extreme close-up on the head only, tight framing, steep dutch angle. older male tiefling, deep charcoal-grey skin, short curling horns swept flat against cropped silver hair, heavy-lidded violet eyes narrowed in judgment, a sharply hooked nose, deep-set lines bracketing a thin frowning mouth, one long fang resting over his lower lip, faint smoke curling from one nostril. white background, simple background, purple overall hue, monochromatic purple.",777,euler_ancestral,9,1.0,1024,1280,baseline,,ff680ad0a33ee142,2026-09-15 08:08:54
stage5_20260915_080853,stage5,A,66d277161d00,baseline,C:\StabilityMatrix-win-x64\Data\Packages\ComfyUI\output\benchmark_stage5\renders,renders/G6_baseline_seed9999_00001_.png,renders/G6_baseline_seed9999_00001_.png,G6,0496d2dadf,tiefling_purple,"Western comics style, bold ink outlines, hatched shadows, hard purple-tinted rim light glowing along the edges of his face, severe icy contempt, seen from an extreme side-profile angle canted at a sharp diagonal, extreme close-up on the head only, tight framing, steep dutch angle. older male tiefling, deep charcoal-grey skin, short curling horns swept flat against cropped silver hair, heavy-lidded violet eyes narrowed in judgment, a sharply hooked nose, deep-set lines bracketing a thin frowning mouth, one long fang resting over his lower lip, faint smoke curling from one nostril. white background, simple background, purple overall hue, monochromatic purple.",9999,euler_ancestral,9,1.0,1024,1280,baseline,,ff680ad0a33ee142,2026-09-15 08:08:54
stage5_20260915_080853,stage5,A,92b9eee42f66,baseline,C:\StabilityMatrix-win-x64\Data\Packages\ComfyUI\output\benchmark_stage5\renders,renders/G6_baseline_seed101_00001_.png,renders/G6_baseline_seed101_00001_.png,G6,0496d2dadf,tiefling_purple,"Western comics style, bold ink outlines, hatched shadows, hard purple-tinted rim light glowing along the edges of his face, severe icy contempt, seen from an extreme side-profile angle canted at a sharp diagonal, extreme close-up on the head only, tight framing, steep dutch angle. older male tiefling, deep charcoal-grey skin, short curling horns swept flat against cropped silver hair, heavy-lidded violet eyes narrowed in judgment, a sharply hooked nose, deep-set lines bracketing a thin frowning mouth, one long fang resting over his lower lip, faint smoke curling from one nostril. white background, simple background, purple overall hue, monochromatic purple.",101,euler_ancestral,9,1.0,1024,1280,baseline,,ff680ad0a33ee142,2026-09-15 08:08:54
stage5_20260915_080853,stage5,A,31e84aa84fac,baseline,C:\StabilityMatrix-win-x64\Data\Packages\ComfyUI\output\benchmark_stage5\renders,renders/G6_baseline_seed102_00001_.png,renders/G6_baseline_seed102_00001_.png,G6,0496d2dadf,tiefling_purple,"Western comics style, bold ink outlines, hatched shadows, hard purple-tinted rim light glowing along the edges of his face, severe icy contempt, seen from an extreme side-profile angle canted at a sharp diagonal, extreme close-up on the head only, tight framing, steep dutch angle. older male tiefling, deep charcoal-grey skin, short curling horns swept flat against cropped silver hair, heavy-lidded violet eyes narrowed in judgment, a sharply hooked nose, deep-set lines bracketing a thin frowning mouth, one long fang resting over his lower lip, faint smoke curling from one nostril. white background, simple background, purple overall hue, monochromatic purple.",102,euler_ancestral,9,1.0,1024,1280,baseline,,ff680ad0a33ee142,2026-09-15 08:08:54
stage5_20260915_080853,stage5,A,ee4242830086,baseline,C:\StabilityMatrix-win-x64\Data\Packages\ComfyUI\output\benchmark_stage5\renders,renders/G6_baseline_seed103_00001_.png,renders/G6_baseline_seed103_00001_.png,G6,0496d2dadf,tiefling_purple,"Western comics style, bold ink outlines, hatched shadows, hard purple-tinted rim light glowing along the edges of his face, severe icy contempt, seen from an extreme side-profile angle canted at a sharp diagonal, extreme close-up on the head only, tight framing, steep dutch angle. older male tiefling, deep charcoal-grey skin, short curling horns swept flat against cropped silver hair, heavy-lidded violet eyes narrowed in judgment, a sharply hooked nose, deep-set lines bracketing a thin frowning mouth, one long fang resting over his lower lip, faint smoke curling from one nostril. white background, simple background, purple overall hue, monochromatic purple.",103,euler_ancestral,9,1.0,1024,1280,baseline,,ff680ad0a33ee142,2026-09-15 08:08:54
stage5_20260915_080853,stage5,A,7675507fdde3,baseline,C:\StabilityMatrix-win-x64\Data\Packages\ComfyUI\output\benchmark_stage5\renders,renders/G6_baseline_seed104_00001_.png,renders/G6_baseline_seed104_00001_.png,G6,0496d2dadf,tiefling_purple,"Western comics style, bold ink outlines, hatched shadows, hard purple-tinted rim light glowing along the edges of his face, severe icy contempt, seen from an extreme side-profile angle canted at a sharp diagonal, extreme close-up on the head only, tight framing, steep dutch angle. older male tiefling, deep charcoal-grey skin, short curling horns swept flat against cropped silver hair, heavy-lidded violet eyes narrowed in judgment, a sharply hooked nose, deep-set lines bracketing a thin frowning mouth, one long fang resting over his lower lip, faint smoke curling from one nostril. white background, simple background, purple overall hue, monochromatic purple.",104,euler_ancestral,9,1.0,1024,1280,baseline,,ff680ad0a33ee142,2026-09-15 08:08:54
stage5_20260915_080853,stage5,A,01cee34390ef,baseline,C:\StabilityMatrix-win-x64\Data\Packages\ComfyUI\output\benchmark_stage5\renders,renders/G6_baseline_seed105_00001_.png,renders/G6_baseline_seed105_00001_.png,G6,0496d2dadf,tiefling_purple,"Western comics style, bold ink outlines, hatched shadows, hard purple-tinted rim light glowing along the edges of his face, severe icy contempt, seen from an extreme side-profile angle canted at a sharp diagonal, extreme close-up on the head only, tight framing, steep dutch angle. older male tiefling, deep charcoal-grey skin, short curling horns swept flat against cropped silver hair, heavy-lidded violet eyes narrowed in judgment, a sharply hooked nose, deep-set lines bracketing a thin frowning mouth, one long fang resting over his lower lip, faint smoke curling from one nostril. white background, simple background, purple overall hue, monochromatic purple.",105,euler_ancestral,9,1.0,1024,1280,baseline,,ff680ad0a33ee142,2026-09-15 08:08:54
stage5_20260915_080853,stage5,A,1b2e4a0bd604,baseline,C:\StabilityMatrix-win-x64\Data\Packages\ComfyUI\output\benchmark_stage5\renders,renders/G6_baseline_seed106_00001_.png,renders/G6_baseline_seed106_00001_.png,G6,0496d2dadf,tiefling_purple,"Western comics style, bold ink outlines, hatched shadows, hard purple-tinted rim light glowing along the edges of his face, severe icy contempt, seen from an extreme side-profile angle canted at a sharp diagonal, extreme close-up on the head only, tight framing, steep dutch angle. older male tiefling, deep charcoal-grey skin, short curling horns swept flat against cropped silver hair, heavy-lidded violet eyes narrowed in judgment, a sharply hooked nose, deep-set lines bracketing a thin frowning mouth, one long fang resting over his lower lip, faint smoke curling from one nostril. white background, simple background, purple overall hue, monochromatic purple.",106,euler_ancestral,9,1.0,1024,1280,baseline,,ff680ad0a33ee142,2026-09-15 08:08:54
stage5_20260915_080853,stage5,A,6f96fd9084c6,baseline,C:\StabilityMatrix-win-x64\Data\Packages\ComfyUI\output\benchmark_stage5\renders,renders/G6_baseline_seed107_00001_.png,renders/G6_baseline_seed107_00001_.png,G6,0496d2dadf,tiefling_purple,"Western comics style, bold ink outlines, hatched shadows, hard purple-tinted rim light glowing along the edges of his face, severe icy contempt, seen from an extreme side-profile angle canted at a sharp diagonal, extreme close-up on the head only, tight framing, steep dutch angle. older male tiefling, deep charcoal-grey skin, short curling horns swept flat against cropped silver hair, heavy-lidded violet eyes narrowed in judgment, a sharply hooked nose, deep-set lines bracketing a thin frowning mouth, one long fang resting over his lower lip, faint smoke curling from one nostril. white background, simple background, purple overall hue, monochromatic purple.",107,euler_ancestral,9,1.0,1024,1280,baseline,,ff680ad0a33ee142,2026-09-15 08:08:54
stage5_20260915_080853,stage5,A,dcd87baafdef,baseline,C:\StabilityMatrix-win-x64\Data\Packages\ComfyUI\output\benchmark_stage5\renders,renders/G6_baseline_seed108_00001_.png,renders/G6_baseline_seed108_00001_.png,G6,0496d2dadf,tiefling_purple,"Western comics style, bold ink outlines, hatched shadows, hard purple-tinted rim light glowing along the edges of his face, severe icy contempt, seen from an extreme side-profile angle canted at a sharp diagonal, extreme close-up on the head only, tight framing, steep dutch angle. older male tiefling, deep charcoal-grey skin, short curling horns swept flat against cropped silver hair, heavy-lidded violet eyes narrowed in judgment, a sharply hooked nose, deep-set lines bracketing a thin frowning mouth, one long fang resting over his lower lip, faint smoke curling from one nostril. white background, simple background, purple overall hue, monochromatic purple.",108,euler_ancestral,9,1.0,1024,1280,baseline,,ff680ad0a33ee142,2026-09-15 08:08:54
stage5_20260915_080853,stage5,A,5f56b9a2f9c7,baseline,C:\StabilityMatrix-win-x64\Data\Packages\ComfyUI\output\benchmark_stage5\renders,renders/G6_baseline_seed109_00001_.png,renders/G6_baseline_seed109_00001_.png,G6,0496d2dadf,tiefling_purple,"Western comics style, bold ink outlines, hatched shadows, hard purple-tinted rim light glowing along the edges of his face, severe icy contempt, seen from an extreme side-profile angle canted at a sharp diagonal, extreme close-up on the head only, tight framing, steep dutch angle. older male tiefling, deep charcoal-grey skin, short curling horns swept flat against cropped silver hair, heavy-lidded violet eyes narrowed in judgment, a sharply hooked nose, deep-set lines bracketing a thin frowning mouth, one long fang resting over his lower lip, faint smoke curling from one nostril. white background, simple background, purple overall hue, monochromatic purple.",109,euler_ancestral,9,1.0,1024,1280,baseline,,ff680ad0a33ee142,2026-09-15 08:08:54
stage5_20260915_080853,stage5,A,d6a5001a07f1,baseline,C:\StabilityMatrix-win-x64\Data\Packages\ComfyUI\output\benchmark_stage5\renders,renders/G6_baseline_seed110_00001_.png,renders/G6_baseline_seed110_00001_.png,G6,0496d2dadf,tiefling_purple,"Western comics style, bold ink outlines, hatched shadows, hard purple-tinted rim light glowing along the edges of his face, severe icy contempt, seen from an extreme side-profile angle canted at a sharp diagonal, extreme close-up on the head only, tight framing, steep dutch angle. older male tiefling, deep charcoal-grey skin, short curling horns swept flat against cropped silver hair, heavy-lidded violet eyes narrowed in judgment, a sharply hooked nose, deep-set lines bracketing a thin frowning mouth, one long fang resting over his lower lip, faint smoke curling from one nostril. white background, simple background, purple overall hue, monochromatic purple.",110,euler_ancestral,9,1.0,1024,1280,baseline,,ff680ad0a33ee142,2026-09-15 08:08:54
stage5_20260915_080853,stage5,A,ad83231e6fda,preset_pos,C:\StabilityMatrix-win-x64\Data\Packages\ComfyUI\output\benchmark_stage5\renders,renders/G6_preset_pos_seed4242145_00001_.png,renders/G6_baseline_seed4242145_00001_.png,G6,0496d2dadf,tiefling_purple,"Western comics style, bold ink outlines, hatched shadows, hard purple-tinted rim light glowing along the edges of his face, severe icy contempt, seen from an extreme side-profile angle canted at a sharp diagonal, extreme close-up on the head only, tight framing, steep dutch angle. older male tiefling, deep charcoal-grey skin, short curling horns swept flat against cropped silver hair, heavy-lidded violet eyes narrowed in judgment, a sharply hooked nose, deep-set lines bracketing a thin frowning mouth, one long fang resting over his lower lip, faint smoke curling from one nostril. white background, simple background, purple overall hue, monochromatic purple.",4242145,euler_ancestral,9,1.0,1024,1280,preset,Arthemy_Bench_Base.json,ff680ad0a33ee142,2026-09-15 08:08:54
stage5_20260915_080853,stage5,A,ad83231e6fda,preset_pos,C:\StabilityMatrix-win-x64\Data\Packages\ComfyUI\output\benchmark_stage5\renders,renders/G6_preset_pos_seed42_00001_.png,renders/G6_baseline_seed42_00001_.png,G6,0496d2dadf,tiefling_purple,"Western comics style, bold ink outlines, hatched shadows, hard purple-tinted rim light glowing along the edges of his face, severe icy contempt, seen from an extreme side-profile angle canted at a sharp diagonal, extreme close-up on the head only, tight framing, steep dutch angle. older male tiefling, deep charcoal-grey skin, short curling horns swept flat against cropped silver hair, heavy-lidded violet eyes narrowed in judgment, a sharply hooked nose, deep-set lines bracketing a thin frowning mouth, one long fang resting over his lower lip, faint smoke curling from one nostril. white background, simple background, purple overall hue, monochromatic purple.",42,euler_ancestral,9,1.0,1024,1280,preset,Arthemy_Bench_Base.json,ff680ad0a33ee142,2026-09-15 08:08:54
stage5_20260915_080853,stage5,A,ad83231e6fda,preset_pos,C:\StabilityMatrix-win-x64\Data\Packages\ComfyUI\output\benchmark_stage5\renders,renders/G6_preset_pos_seed1337_00001_.png,renders/G6_baseline_seed1337_00001_.png,G6,0496d2dadf,tiefling_purple,"Western comics style, bold ink outlines, hatched shadows, hard purple-tinted rim light glowing along the edges of his face, severe icy contempt, seen from an extreme side-profile angle canted at a sharp diagonal, extreme close-up on the head only, tight framing, steep dutch angle. older male tiefling, deep charcoal-grey skin, short curling horns swept flat against cropped silver hair, heavy-lidded violet eyes narrowed in judgment, a sharply hooked nose, deep-set lines bracketing a thin frowning mouth, one long fang resting over his lower lip, faint smoke curling from one nostril. white background, simple background, purple overall hue, monochromatic purple.",1337,euler_ancestral,9,1.0,1024,1280,preset,Arthemy_Bench_Base.json,ff680ad0a33ee142,2026-09-15 08:08:54
stage5_20260915_080853,stage5,A,ad83231e6fda,preset_pos,C:\StabilityMatrix-win-x64\Data\Packages\ComfyUI\output\benchmark_stage5\renders,renders/G6_preset_pos_seed777_00001_.png,renders/G6_baseline_seed777_00001_.png,G6,0496d2dadf,tiefling_purple,"Western comics style, bold ink outlines, hatched shadows, hard purple-tinted rim light glowing along the edges of his face, severe icy contempt, seen from an extreme side-profile angle canted at a sharp diagonal, extreme close-up on the head only, tight framing, steep dutch angle. older male tiefling, deep charcoal-grey skin, short curling horns swept flat against cropped silver hair, heavy-lidded violet eyes narrowed in judgment, a sharply hooked nose, deep-set lines bracketing a thin frowning mouth, one long fang resting over his lower lip, faint smoke curling from one nostril. white background, simple background, purple overall hue, monochromatic purple.",777,euler_ancestral,9,1.0,1024,1280,preset,Arthemy_Bench_Base.json,ff680ad0a33ee142,2026-09-15 08:08:54
stage5_20260915_080853,stage5,A,ad83231e6fda,preset_pos,C:\StabilityMatrix-win-x64\Data\Packages\ComfyUI\output\benchmark_stage5\renders,renders/G6_preset_pos_seed9999_00001_.png,renders/G6_baseline_seed9999_00001_.png,G6,0496d2dadf,tiefling_purple,"Western comics style, bold ink outlines, hatched shadows, hard purple-tinted rim light glowing along the edges of his face, severe icy contempt, seen from an extreme side-profile angle canted at a sharp diagonal, extreme close-up on the head only, tight framing, steep dutch angle. older male tiefling, deep charcoal-grey skin, short curling horns swept flat against cropped silver hair, heavy-lidded violet eyes narrowed in judgment, a sharply hooked nose, deep-set lines bracketing a thin frowning mouth, one long fang resting over his lower lip, faint smoke curling from one nostril. white background, simple background, purple overall hue, monochromatic purple.",9999,euler_ancestral,9,1.0,1024,1280,preset,Arthemy_Bench_Base.json,ff680ad0a33ee142,2026-09-15 08:08:54
stage5_20260915_080853,stage5,A,12421b7e9805,preset_neg,C:\StabilityMatrix-win-x64\Data\Packages\ComfyUI\output\benchmark_stage5\renders,renders/G6_preset_neg_seed4242145_00001_.png,renders/G6_baseline_seed4242145_00001_.png,G6,0496d2dadf,tiefling_purple,"Western comics style, bold ink outlines, hatched shadows, hard purple-tinted rim light glowing along the edges of his face, severe icy contempt, seen from an extreme side-profile angle canted at a sharp diagonal, extreme close-up on the head only, tight framing, steep dutch angle. older male tiefling, deep charcoal-grey skin, short curling horns swept flat against cropped silver hair, heavy-lidded violet eyes narrowed in judgment, a sharply hooked nose, deep-set lines bracketing a thin frowning mouth, one long fang resting over his lower lip, faint smoke curling from one nostril. white background, simple background, purple overall hue, monochromatic purple.",4242145,euler_ancestral,9,1.0,1024,1280,preset,Arthemy_Bench_NEG.json,ff680ad0a33ee142,2026-09-15 08:08:54
stage5_20260915_080853,stage5,A,12421b7e9805,preset_neg,C:\StabilityMatrix-win-x64\Data\Packages\ComfyUI\output\benchmark_stage5\renders,renders/G6_preset_neg_seed42_00001_.png,renders/G6_baseline_seed42_00001_.png,G6,0496d2dadf,tiefling_purple,"Western comics style, bold ink outlines, hatched shadows, hard purple-tinted rim light glowing along the edges of his face, severe icy contempt, seen from an extreme side-profile angle canted at a sharp diagonal, extreme close-up on the head only, tight framing, steep dutch angle. older male tiefling, deep charcoal-grey skin, short curling horns swept flat against cropped silver hair, heavy-lidded violet eyes narrowed in judgment, a sharply hooked nose, deep-set lines bracketing a thin frowning mouth, one long fang resting over his lower lip, faint smoke curling from one nostril. white background, simple background, purple overall hue, monochromatic purple.",42,euler_ancestral,9,1.0,1024,1280,preset,Arthemy_Bench_NEG.json,ff680ad0a33ee142,2026-09-15 08:08:54
stage5_20260915_080853,stage5,A,12421b7e9805,preset_neg,C:\StabilityMatrix-win-x64\Data\Packages\ComfyUI\output\benchmark_stage5\renders,renders/G6_preset_neg_seed1337_00001_.png,renders/G6_baseline_seed1337_00001_.png,G6,0496d2dadf,tiefling_purple,"Western comics style, bold ink outlines, hatched shadows, hard purple-tinted rim light glowing along the edges of his face, severe icy contempt, seen from an extreme side-profile angle canted at a sharp diagonal, extreme close-up on the head only, tight framing, steep dutch angle. older male tiefling, deep charcoal-grey skin, short curling horns swept flat against cropped silver hair, heavy-lidded violet eyes narrowed in judgment, a sharply hooked nose, deep-set lines bracketing a thin frowning mouth, one long fang resting over his lower lip, faint smoke curling from one nostril. white background, simple background, purple overall hue, monochromatic purple.",1337,euler_ancestral,9,1.0,1024,1280,preset,Arthemy_Bench_NEG.json,ff680ad0a33ee142,2026-09-15 08:08:54
stage5_20260915_080853,stage5,A,12421b7e9805,preset_neg,C:\StabilityMatrix-win-x64\Data\Packages\ComfyUI\output\benchmark_stage5\renders,renders/G6_preset_neg_seed777_00001_.png,renders/G6_baseline_seed777_00001_.png,G6,0496d2dadf,tiefling_purple,"Western comics style, bold ink outlines, hatched shadows, hard purple-tinted rim light glowing along the edges of his face, severe icy contempt, seen from an extreme side-profile angle canted at a sharp diagonal, extreme close-up on the head only, tight framing, steep dutch angle. older male tiefling, deep charcoal-grey skin, short curling horns swept flat against cropped silver hair, heavy-lidded violet eyes narrowed in judgment, a sharply hooked nose, deep-set lines bracketing a thin frowning mouth, one long fang resting over his lower lip, faint smoke curling from one nostril. white background, simple background, purple overall hue, monochromatic purple.",777,euler_ancestral,9,1.0,1024,1280,preset,Arthemy_Bench_NEG.json,ff680ad0a33ee142,2026-09-15 08:08:54
stage5_20260915_080853,stage5,A,12421b7e9805,preset_neg,C:\StabilityMatrix-win-x64\Data\Packages\ComfyUI\output\benchmark_stage5\renders,renders/G6_preset_neg_seed9999_00001_.png,renders/G6_baseline_seed9999_00001_.png,G6,0496d2dadf,tiefling_purple,"Western comics style, bold ink outlines, hatched shadows, hard purple-tinted rim light glowing along the edges of his face, severe icy contempt, seen from an extreme side-profile angle canted at a sharp diagonal, extreme close-up on the head only, tight framing, steep dutch angle. older male tiefling, deep charcoal-grey skin, short curling horns swept flat against cropped silver hair, heavy-lidded violet eyes narrowed in judgment, a sharply hooked nose, deep-set lines bracketing a thin frowning mouth, one long fang resting over his lower lip, faint smoke curling from one nostril. white background, simple background, purple overall hue, monochromatic purple.",9999,euler_ancestral,9,1.0,1024,1280,preset,Arthemy_Bench_NEG.json,ff680ad0a33ee142,2026-09-15 08:08:54
stage5_20260915_080853,stage5,A,17f3ed1f0d34,preset_half,C:\StabilityMatrix-win-x64\Data\Packages\ComfyUI\output\benchmark_stage5\renders,renders/G6_preset_half_seed4242145_00001_.png,renders/G6_baseline_seed4242145_00001_.png,G6,0496d2dadf,tiefling_purple,"Western comics style, bold ink outlines, hatched shadows, hard purple-tinted rim light glowing along the edges of his face, severe icy contempt, seen from an extreme side-profile angle canted at a sharp diagonal, extreme close-up on the head only, tight framing, steep dutch angle. older male tiefling, deep charcoal-grey skin, short curling horns swept flat against cropped silver hair, heavy-lidded violet eyes narrowed in judgment, a sharply hooked nose, deep-set lines bracketing a thin frowning mouth, one long fang resting over his lower lip, faint smoke curling from one nostril. white background, simple background, purple overall hue, monochromatic purple.",4242145,euler_ancestral,9,1.0,1024,1280,preset,Arthemy_Bench_HALF.json,ff680ad0a33ee142,2026-09-15 08:08:54
stage5_20260915_080853,stage5,A,17f3ed1f0d34,preset_half,C:\StabilityMatrix-win-x64\Data\Packages\ComfyUI\output\benchmark_stage5\renders,renders/G6_preset_half_seed42_00001_.png,renders/G6_baseline_seed42_00001_.png,G6,0496d2dadf,tiefling_purple,"Western comics style, bold ink outlines, hatched shadows, hard purple-tinted rim light glowing along the edges of his face, severe icy contempt, seen from an extreme side-profile angle canted at a sharp diagonal, extreme close-up on the head only, tight framing, steep dutch angle. older male tiefling, deep charcoal-grey skin, short curling horns swept flat against cropped silver hair, heavy-lidded violet eyes narrowed in judgment, a sharply hooked nose, deep-set lines bracketing a thin frowning mouth, one long fang resting over his lower lip, faint smoke curling from one nostril. white background, simple background, purple overall hue, monochromatic purple.",42,euler_ancestral,9,1.0,1024,1280,preset,Arthemy_Bench_HALF.json,ff680ad0a33ee142,2026-09-15 08:08:54
stage5_20260915_080853,stage5,A,17f3ed1f0d34,preset_half,C:\StabilityMatrix-win-x64\Data\Packages\ComfyUI\output\benchmark_stage5\renders,renders/G6_preset_half_seed1337_00001_.png,renders/G6_baseline_seed1337_00001_.png,G6,0496d2dadf,tiefling_purple,"Western comics style, bold ink outlines, hatched shadows, hard purple-tinted rim light glowing along the edges of his face, severe icy contempt, seen from an extreme side-profile angle canted at a sharp diagonal, extreme close-up on the head only, tight framing, steep dutch angle. older male tiefling, deep charcoal-grey skin, short curling horns swept flat against cropped silver hair, heavy-lidded violet eyes narrowed in judgment, a sharply hooked nose, deep-set lines bracketing a thin frowning mouth, one long fang resting over his lower lip, faint smoke curling from one nostril. white background, simple background, purple overall hue, monochromatic purple.",1337,euler_ancestral,9,1.0,1024,1280,preset,Arthemy_Bench_HALF.json,ff680ad0a33ee142,2026-09-15 08:08:54
stage5_20260915_080853,stage5,A,17f3ed1f0d34,preset_half,C:\StabilityMatrix-win-x64\Data\Packages\ComfyUI\output\benchmark_stage5\renders,renders/G6_preset_half_seed777_00001_.png,renders/G6_baseline_seed777_00001_.png,G6,0496d2dadf,tiefling_purple,"Western comics style, bold ink outlines, hatched shadows, hard purple-tinted rim light glowing along the edges of his face, severe icy contempt, seen from an extreme side-profile angle canted at a sharp diagonal, extreme close-up on the head only, tight framing, steep dutch angle. older male tiefling, deep charcoal-grey skin, short curling horns swept flat against cropped silver hair, heavy-lidded violet eyes narrowed in judgment, a sharply hooked nose, deep-set lines bracketing a thin frowning mouth, one long fang resting over his lower lip, faint smoke curling from one nostril. white background, simple background, purple overall hue, monochromatic purple.",777,euler_ancestral,9,1.0,1024,1280,preset,Arthemy_Bench_HALF.json,ff680ad0a33ee142,2026-09-15 08:08:54
stage5_20260915_080853,stage5,A,17f3ed1f0d34,preset_half,C:\StabilityMatrix-win-x64\Data\Packages\ComfyUI\output\benchmark_stage5\renders,renders/G6_preset_half_seed9999_00001_.png,renders/G6_baseline_seed9999_00001_.png,G6,0496d2dadf,tiefling_purple,"Western comics style, bold ink outlines, hatched shadows, hard purple-tinted rim light glowing along the edges of his face, severe icy contempt, seen from an extreme side-profile angle canted at a sharp diagonal, extreme close-up on the head only, tight framing, steep dutch angle. older male tiefling, deep charcoal-grey skin, short curling horns swept flat against cropped silver hair, heavy-lidded violet eyes narrowed in judgment, a sharply hooked nose, deep-set lines bracketing a thin frowning mouth, one long fang resting over his lower lip, faint smoke curling from one nostril. white background, simple background, purple overall hue, monochromatic purple.",9999,euler_ancestral,9,1.0,1024,1280,preset,Arthemy_Bench_HALF.json,ff680ad0a33ee142,2026-09-15 08:08:54
stage5_20260915_080853,stage5,A,83f2d26997da,rand_pos,C:\StabilityMatrix-win-x64\Data\Packages\ComfyUI\output\benchmark_stage5\renders,renders/G6_rand_pos_seed4242145_00001_.png,renders/G6_baseline_seed4242145_00001_.png,G6,0496d2dadf,tiefling_purple,"Western comics style, bold ink outlines, hatched shadows, hard purple-tinted rim light glowing along the edges of his face, severe icy contempt, seen from an extreme side-profile angle canted at a sharp diagonal, extreme close-up on the head only, tight framing, steep dutch angle. older male tiefling, deep charcoal-grey skin, short curling horns swept flat against cropped silver hair, heavy-lidded violet eyes narrowed in judgment, a sharply hooked nose, deep-set lines bracketing a thin frowning mouth, one long fang resting over his lower lip, faint smoke curling from one nostril. white background, simple background, purple overall hue, monochromatic purple.",4242145,euler_ancestral,9,1.0,1024,1280,preset_randsign,Arthemy_Bench_RANDSIGN.json,ff680ad0a33ee142,2026-09-15 08:08:54
stage5_20260915_080853,stage5,A,83f2d26997da,rand_pos,C:\StabilityMatrix-win-x64\Data\Packages\ComfyUI\output\benchmark_stage5\renders,renders/G6_rand_pos_seed42_00001_.png,renders/G6_baseline_seed42_00001_.png,G6,0496d2dadf,tiefling_purple,"Western comics style, bold ink outlines, hatched shadows, hard purple-tinted rim light glowing along the edges of his face, severe icy contempt, seen from an extreme side-profile angle canted at a sharp diagonal, extreme close-up on the head only, tight framing, steep dutch angle. older male tiefling, deep charcoal-grey skin, short curling horns swept flat against cropped silver hair, heavy-lidded violet eyes narrowed in judgment, a sharply hooked nose, deep-set lines bracketing a thin frowning mouth, one long fang resting over his lower lip, faint smoke curling from one nostril. white background, simple background, purple overall hue, monochromatic purple.",42,euler_ancestral,9,1.0,1024,1280,preset_randsign,Arthemy_Bench_RANDSIGN.json,ff680ad0a33ee142,2026-09-15 08:08:54
stage5_20260915_080853,stage5,A,83f2d26997da,rand_pos,C:\StabilityMatrix-win-x64\Data\Packages\ComfyUI\output\benchmark_stage5\renders,renders/G6_rand_pos_seed1337_00001_.png,renders/G6_baseline_seed1337_00001_.png,G6,0496d2dadf,tiefling_purple,"Western comics style, bold ink outlines, hatched shadows, hard purple-tinted rim light glowing along the edges of his face, severe icy contempt, seen from an extreme side-profile angle canted at a sharp diagonal, extreme close-up on the head only, tight framing, steep dutch angle. older male tiefling, deep charcoal-grey skin, short curling horns swept flat against cropped silver hair, heavy-lidded violet eyes narrowed in judgment, a sharply hooked nose, deep-set lines bracketing a thin frowning mouth, one long fang resting over his lower lip, faint smoke curling from one nostril. white background, simple background, purple overall hue, monochromatic purple.",1337,euler_ancestral,9,1.0,1024,1280,preset_randsign,Arthemy_Bench_RANDSIGN.json,ff680ad0a33ee142,2026-09-15 08:08:54
stage5_20260915_080853,stage5,A,83f2d26997da,rand_pos,C:\StabilityMatrix-win-x64\Data\Packages\ComfyUI\output\benchmark_stage5\renders,renders/G6_rand_pos_seed777_00001_.png,renders/G6_baseline_seed777_00001_.png,G6,0496d2dadf,tiefling_purple,"Western comics style, bold ink outlines, hatched shadows, hard purple-tinted rim light glowing along the edges of his face, severe icy contempt, seen from an extreme side-profile angle canted at a sharp diagonal, extreme close-up on the head only, tight framing, steep dutch angle. older male tiefling, deep charcoal-grey skin, short curling horns swept flat against cropped silver hair, heavy-lidded violet eyes narrowed in judgment, a sharply hooked nose, deep-set lines bracketing a thin frowning mouth, one long fang resting over his lower lip, faint smoke curling from one nostril. white background, simple background, purple overall hue, monochromatic purple.",777,euler_ancestral,9,1.0,1024,1280,preset_randsign,Arthemy_Bench_RANDSIGN.json,ff680ad0a33ee142,2026-09-15 08:08:54
stage5_20260915_080853,stage5,A,83f2d26997da,rand_pos,C:\StabilityMatrix-win-x64\Data\Packages\ComfyUI\output\benchmark_stage5\renders,renders/G6_rand_pos_seed9999_00001_.png,renders/G6_baseline_seed9999_00001_.png,G6,0496d2dadf,tiefling_purple,"Western comics style, bold ink outlines, hatched shadows, hard purple-tinted rim light glowing along the edges of his face, severe icy contempt, seen from an extreme side-profile angle canted at a sharp diagonal, extreme close-up on the head only, tight framing, steep dutch angle. older male tiefling, deep charcoal-grey skin, short curling horns swept flat against cropped silver hair, heavy-lidded violet eyes narrowed in judgment, a sharply hooked nose, deep-set lines bracketing a thin frowning mouth, one long fang resting over his lower lip, faint smoke curling from one nostril. white background, simple background, purple overall hue, monochromatic purple.",9999,euler_ancestral,9,1.0,1024,1280,preset_randsign,Arthemy_Bench_RANDSIGN.json,ff680ad0a33ee142,2026-09-15 08:08:54
stage5_20260915_080853,stage5,A,5d92895ebdf9,rand_neg,C:\StabilityMatrix-win-x64\Data\Packages\ComfyUI\output\benchmark_stage5\renders,renders/G6_rand_neg_seed4242145_00001_.png,renders/G6_baseline_seed4242145_00001_.png,G6,0496d2dadf,tiefling_purple,"Western comics style, bold ink outlines, hatched shadows, hard purple-tinted rim light glowing along the edges of his face, severe icy contempt, seen from an extreme side-profile angle canted at a sharp diagonal, extreme close-up on the head only, tight framing, steep dutch angle. older male tiefling, deep charcoal-grey skin, short curling horns swept flat against cropped silver hair, heavy-lidded violet eyes narrowed in judgment, a sharply hooked nose, deep-set lines bracketing a thin frowning mouth, one long fang resting over his lower lip, faint smoke curling from one nostril. white background, simple background, purple overall hue, monochromatic purple.",4242145,euler_ancestral,9,1.0,1024,1280,preset_randsign,Arthemy_Bench_RANDSIGN_NEG.json,ff680ad0a33ee142,2026-09-15 08:08:54
stage5_20260915_080853,stage5,A,5d92895ebdf9,rand_neg,C:\StabilityMatrix-win-x64\Data\Packages\ComfyUI\output\benchmark_stage5\renders,renders/G6_rand_neg_seed42_00001_.png,renders/G6_baseline_seed42_00001_.png,G6,0496d2dadf,tiefling_purple,"Western comics style, bold ink outlines, hatched shadows, hard purple-tinted rim light glowing along the edges of his face, severe icy contempt, seen from an extreme side-profile angle canted at a sharp diagonal, extreme close-up on the head only, tight framing, steep dutch angle. older male tiefling, deep charcoal-grey skin, short curling horns swept flat against cropped silver hair, heavy-lidded violet eyes narrowed in judgment, a sharply hooked nose, deep-set lines bracketing a thin frowning mouth, one long fang resting over his lower lip, faint smoke curling from one nostril. white background, simple background, purple overall hue, monochromatic purple.",42,euler_ancestral,9,1.0,1024,1280,preset_randsign,Arthemy_Bench_RANDSIGN_NEG.json,ff680ad0a33ee142,2026-09-15 08:08:54
stage5_20260915_080853,stage5,A,5d92895ebdf9,rand_neg,C:\StabilityMatrix-win-x64\Data\Packages\ComfyUI\output\benchmark_stage5\renders,renders/G6_rand_neg_seed1337_00001_.png,renders/G6_baseline_seed1337_00001_.png,G6,0496d2dadf,tiefling_purple,"Western comics style, bold ink outlines, hatched shadows, hard purple-tinted rim light glowing along the edges of his face, severe icy contempt, seen from an extreme side-profile angle canted at a sharp diagonal, extreme close-up on the head only, tight framing, steep dutch angle. older male tiefling, deep charcoal-grey skin, short curling horns swept flat against cropped silver hair, heavy-lidded violet eyes narrowed in judgment, a sharply hooked nose, deep-set lines bracketing a thin frowning mouth, one long fang resting over his lower lip, faint smoke curling from one nostril. white background, simple background, purple overall hue, monochromatic purple.",1337,euler_ancestral,9,1.0,1024,1280,preset_randsign,Arthemy_Bench_RANDSIGN_NEG.json,ff680ad0a33ee142,2026-09-15 08:08:54
stage5_20260915_080853,stage5,A,5d92895ebdf9,rand_neg,C:\StabilityMatrix-win-x64\Data\Packages\ComfyUI\output\benchmark_stage5\renders,renders/G6_rand_neg_seed777_00001_.png,renders/G6_baseline_seed777_00001_.png,G6,0496d2dadf,tiefling_purple,"Western comics style, bold ink outlines, hatched shadows, hard purple-tinted rim light glowing along the edges of his face, severe icy contempt, seen from an extreme side-profile angle canted at a sharp diagonal, extreme close-up on the head only, tight framing, steep dutch angle. older male tiefling, deep charcoal-grey skin, short curling horns swept flat against cropped silver hair, heavy-lidded violet eyes narrowed in judgment, a sharply hooked nose, deep-set lines bracketing a thin frowning mouth, one long fang resting over his lower lip, faint smoke curling from one nostril. white background, simple background, purple overall hue, monochromatic purple.",777,euler_ancestral,9,1.0,1024,1280,preset_randsign,Arthemy_Bench_RANDSIGN_NEG.json,ff680ad0a33ee142,2026-09-15 08:08:54
stage5_20260915_080853,stage5,A,5d92895ebdf9,rand_neg,C:\StabilityMatrix-win-x64\Data\Packages\ComfyUI\output\benchmark_stage5\renders,renders/G6_rand_neg_seed9999_00001_.png,renders/G6_baseline_seed9999_00001_.png,G6,0496d2dadf,tiefling_purple,"Western comics style, bold ink outlines, hatched shadows, hard purple-tinted rim light glowing along the edges of his face, severe icy contempt, seen from an extreme side-profile angle canted at a sharp diagonal, extreme close-up on the head only, tight framing, steep dutch angle. older male tiefling, deep charcoal-grey skin, short curling horns swept flat against cropped silver hair, heavy-lidded violet eyes narrowed in judgment, a sharply hooked nose, deep-set lines bracketing a thin frowning mouth, one long fang resting over his lower lip, faint smoke curling from one nostril. white background, simple background, purple overall hue, monochromatic purple.",9999,euler_ancestral,9,1.0,1024,1280,preset_randsign,Arthemy_Bench_RANDSIGN_NEG.json,ff680ad0a33ee142,2026-09-15 08:08:54
stage5_20260915_080853,stage5,A,449bac6a16bd,blockshuf_pos,C:\StabilityMatrix-win-x64\Data\Packages\ComfyUI\output\benchmark_stage5\renders,renders/G6_blockshuf_pos_seed4242145_00001_.png,renders/G6_baseline_seed4242145_00001_.png,G6,0496d2dadf,tiefling_purple,"Western comics style, bold ink outlines, hatched shadows, hard purple-tinted rim light glowing along the edges of his face, severe icy contempt, seen from an extreme side-profile angle canted at a sharp diagonal, extreme close-up on the head only, tight framing, steep dutch angle. older male tiefling, deep charcoal-grey skin, short curling horns swept flat against cropped silver hair, heavy-lidded violet eyes narrowed in judgment, a sharply hooked nose, deep-set lines bracketing a thin frowning mouth, one long fang resting over his lower lip, faint smoke curling from one nostril. white background, simple background, purple overall hue, monochromatic purple.",4242145,euler_ancestral,9,1.0,1024,1280,preset_blockshuffle,Arthemy_Bench_BLOCKSHUFFLE.json,ff680ad0a33ee142,2026-09-15 08:08:54
stage5_20260915_080853,stage5,A,449bac6a16bd,blockshuf_pos,C:\StabilityMatrix-win-x64\Data\Packages\ComfyUI\output\benchmark_stage5\renders,renders/G6_blockshuf_pos_seed42_00001_.png,renders/G6_baseline_seed42_00001_.png,G6,0496d2dadf,tiefling_purple,"Western comics style, bold ink outlines, hatched shadows, hard purple-tinted rim light glowing along the edges of his face, severe icy contempt, seen from an extreme side-profile angle canted at a sharp diagonal, extreme close-up on the head only, tight framing, steep dutch angle. older male tiefling, deep charcoal-grey skin, short curling horns swept flat against cropped silver hair, heavy-lidded violet eyes narrowed in judgment, a sharply hooked nose, deep-set lines bracketing a thin frowning mouth, one long fang resting over his lower lip, faint smoke curling from one nostril. white background, simple background, purple overall hue, monochromatic purple.",42,euler_ancestral,9,1.0,1024,1280,preset_blockshuffle,Arthemy_Bench_BLOCKSHUFFLE.json,ff680ad0a33ee142,2026-09-15 08:08:54
stage5_20260915_080853,stage5,A,449bac6a16bd,blockshuf_pos,C:\StabilityMatrix-win-x64\Data\Packages\ComfyUI\output\benchmark_stage5\renders,renders/G6_blockshuf_pos_seed1337_00001_.png,renders/G6_baseline_seed1337_00001_.png,G6,0496d2dadf,tiefling_purple,"Western comics style, bold ink outlines, hatched shadows, hard purple-tinted rim light glowing along the edges of his face, severe icy contempt, seen from an extreme side-profile angle canted at a sharp diagonal, extreme close-up on the head only, tight framing, steep dutch angle. older male tiefling, deep charcoal-grey skin, short curling horns swept flat against cropped silver hair, heavy-lidded violet eyes narrowed in judgment, a sharply hooked nose, deep-set lines bracketing a thin frowning mouth, one long fang resting over his lower lip, faint smoke curling from one nostril. white background, simple background, purple overall hue, monochromatic purple.",1337,euler_ancestral,9,1.0,1024,1280,preset_blockshuffle,Arthemy_Bench_BLOCKSHUFFLE.json,ff680ad0a33ee142,2026-09-15 08:08:54
stage5_20260915_080853,stage5,A,449bac6a16bd,blockshuf_pos,C:\StabilityMatrix-win-x64\Data\Packages\ComfyUI\output\benchmark_stage5\renders,renders/G6_blockshuf_pos_seed777_00001_.png,renders/G6_baseline_seed777_00001_.png,G6,0496d2dadf,tiefling_purple,"Western comics style, bold ink outlines, hatched shadows, hard purple-tinted rim light glowing along the edges of his face, severe icy contempt, seen from an extreme side-profile angle canted at a sharp diagonal, extreme close-up on the head only, tight framing, steep dutch angle. older male tiefling, deep charcoal-grey skin, short curling horns swept flat against cropped silver hair, heavy-lidded violet eyes narrowed in judgment, a sharply hooked nose, deep-set lines bracketing a thin frowning mouth, one long fang resting over his lower lip, faint smoke curling from one nostril. white background, simple background, purple overall hue, monochromatic purple.",777,euler_ancestral,9,1.0,1024,1280,preset_blockshuffle,Arthemy_Bench_BLOCKSHUFFLE.json,ff680ad0a33ee142,2026-09-15 08:08:54
stage5_20260915_080853,stage5,A,449bac6a16bd,blockshuf_pos,C:\StabilityMatrix-win-x64\Data\Packages\ComfyUI\output\benchmark_stage5\renders,renders/G6_blockshuf_pos_seed9999_00001_.png,renders/G6_baseline_seed9999_00001_.png,G6,0496d2dadf,tiefling_purple,"Western comics style, bold ink outlines, hatched shadows, hard purple-tinted rim light glowing along the edges of his face, severe icy contempt, seen from an extreme side-profile angle canted at a sharp diagonal, extreme close-up on the head only, tight framing, steep dutch angle. older male tiefling, deep charcoal-grey skin, short curling horns swept flat against cropped silver hair, heavy-lidded violet eyes narrowed in judgment, a sharply hooked nose, deep-set lines bracketing a thin frowning mouth, one long fang resting over his lower lip, faint smoke curling from one nostril. white background, simple background, purple overall hue, monochromatic purple.",9999,euler_ancestral,9,1.0,1024,1280,preset_blockshuffle,Arthemy_Bench_BLOCKSHUFFLE.json,ff680ad0a33ee142,2026-09-15 08:08:54
stage5_20260915_080853,stage5,A,9e5b7b90d6af,blockshuf_neg,C:\StabilityMatrix-win-x64\Data\Packages\ComfyUI\output\benchmark_stage5\renders,renders/G6_blockshuf_neg_seed4242145_00001_.png,renders/G6_baseline_seed4242145_00001_.png,G6,0496d2dadf,tiefling_purple,"Western comics style, bold ink outlines, hatched shadows, hard purple-tinted rim light glowing along the edges of his face, severe icy contempt, seen from an extreme side-profile angle canted at a sharp diagonal, extreme close-up on the head only, tight framing, steep dutch angle. older male tiefling, deep charcoal-grey skin, short curling horns swept flat against cropped silver hair, heavy-lidded violet eyes narrowed in judgment, a sharply hooked nose, deep-set lines bracketing a thin frowning mouth, one long fang resting over his lower lip, faint smoke curling from one nostril. white background, simple background, purple overall hue, monochromatic purple.",4242145,euler_ancestral,9,1.0,1024,1280,preset_blockshuffle,Arthemy_Bench_BLOCKSHUFFLE_NEG.json,ff680ad0a33ee142,2026-09-15 08:08:54
stage5_20260915_080853,stage5,A,9e5b7b90d6af,blockshuf_neg,C:\StabilityMatrix-win-x64\Data\Packages\ComfyUI\output\benchmark_stage5\renders,renders/G6_blockshuf_neg_seed42_00001_.png,renders/G6_baseline_seed42_00001_.png,G6,0496d2dadf,tiefling_purple,"Western comics style, bold ink outlines, hatched shadows, hard purple-tinted rim light glowing along the edges of his face, severe icy contempt, seen from an extreme side-profile angle canted at a sharp diagonal, extreme close-up on the head only, tight framing, steep dutch angle. older male tiefling, deep charcoal-grey skin, short curling horns swept flat against cropped silver hair, heavy-lidded violet eyes narrowed in judgment, a sharply hooked nose, deep-set lines bracketing a thin frowning mouth, one long fang resting over his lower lip, faint smoke curling from one nostril. white background, simple background, purple overall hue, monochromatic purple.",42,euler_ancestral,9,1.0,1024,1280,preset_blockshuffle,Arthemy_Bench_BLOCKSHUFFLE_NEG.json,ff680ad0a33ee142,2026-09-15 08:08:54
stage5_20260915_080853,stage5,A,9e5b7b90d6af,blockshuf_neg,C:\StabilityMatrix-win-x64\Data\Packages\ComfyUI\output\benchmark_stage5\renders,renders/G6_blockshuf_neg_seed1337_00001_.png,renders/G6_baseline_seed1337_00001_.png,G6,0496d2dadf,tiefling_purple,"Western comics style, bold ink outlines, hatched shadows, hard purple-tinted rim light glowing along the edges of his face, severe icy contempt, seen from an extreme side-profile angle canted at a sharp diagonal, extreme close-up on the head only, tight framing, steep dutch angle. older male tiefling, deep charcoal-grey skin, short curling horns swept flat against cropped silver hair, heavy-lidded violet eyes narrowed in judgment, a sharply hooked nose, deep-set lines bracketing a thin frowning mouth, one long fang resting over his lower lip, faint smoke curling from one nostril. white background, simple background, purple overall hue, monochromatic purple.",1337,euler_ancestral,9,1.0,1024,1280,preset_blockshuffle,Arthemy_Bench_BLOCKSHUFFLE_NEG.json,ff680ad0a33ee142,2026-09-15 08:08:54
stage5_20260915_080853,stage5,A,9e5b7b90d6af,blockshuf_neg,C:\StabilityMatrix-win-x64\Data\Packages\ComfyUI\output\benchmark_stage5\renders,renders/G6_blockshuf_neg_seed777_00001_.png,renders/G6_baseline_seed777_00001_.png,G6,0496d2dadf,tiefling_purple,"Western comics style, bold ink outlines, hatched shadows, hard purple-tinted rim light glowing along the edges of his face, severe icy contempt, seen from an extreme side-profile angle canted at a sharp diagonal, extreme close-up on the head only, tight framing, steep dutch angle. older male tiefling, deep charcoal-grey skin, short curling horns swept flat against cropped silver hair, heavy-lidded violet eyes narrowed in judgment, a sharply hooked nose, deep-set lines bracketing a thin frowning mouth, one long fang resting over his lower lip, faint smoke curling from one nostril. white background, simple background, purple overall hue, monochromatic purple.",777,euler_ancestral,9,1.0,1024,1280,preset_blockshuffle,Arthemy_Bench_BLOCKSHUFFLE_NEG.json,ff680ad0a33ee142,2026-09-15 08:08:54
stage5_20260915_080853,stage5,A,9e5b7b90d6af,blockshuf_neg,C:\StabilityMatrix-win-x64\Data\Packages\ComfyUI\output\benchmark_stage5\renders,renders/G6_blockshuf_neg_seed9999_00001_.png,renders/G6_baseline_seed9999_00001_.png,G6,0496d2dadf,tiefling_purple,"Western comics style, bold ink outlines, hatched shadows, hard purple-tinted rim light glowing along the edges of his face, severe icy contempt, seen from an extreme side-profile angle canted at a sharp diagonal, extreme close-up on the head only, tight framing, steep dutch angle. older male tiefling, deep charcoal-grey skin, short curling horns swept flat against cropped silver hair, heavy-lidded violet eyes narrowed in judgment, a sharply hooked nose, deep-set lines bracketing a thin frowning mouth, one long fang resting over his lower lip, faint smoke curling from one nostril. white background, simple background, purple overall hue, monochromatic purple.",9999,euler_ancestral,9,1.0,1024,1280,preset_blockshuffle,Arthemy_Bench_BLOCKSHUFFLE_NEG.json,ff680ad0a33ee142,2026-09-15 08:08:54
stage5_20260915_080853,stage5,B,449bac6a16bd,blockshuf_pos,C:\StabilityMatrix-win-x64\Data\Packages\ComfyUI\output\benchmark_stage4_preset\renders,renders/F1_blockshuf_pos_seed4242145_00001_.png,renders/F1_baseline_seed4242145_00001_.png,F1,7e8536f9bb,halforc_red,"Western comics style, bold ink outlines, hatched shadows, hard red-tinted rim light glowing along the edges of her face, ferocious screaming rage, seen from a steep low angle, extreme close-up on the head only, tight framing, dutch angle, sharp perspective. female half-orc, head thrown back with a wild tangle of black hair across her face, thick furrowed eyebrows pressed low in fury, wide crimson eyes wide with screaming rage, mouth stretched open in a full-throated roar baring a single sharp lower tusk, a thick iron ring pierced through the nose bridge, ferociously screaming expression. white background, simple background.",4242145,euler_ancestral,9,1.0,1024,1280,preset_blockshuffle,Arthemy_Bench_BLOCKSHUFFLE.json,ff680ad0a33ee142,2026-09-15 08:08:54
stage5_20260915_080853,stage5,B,449bac6a16bd,blockshuf_pos,C:\StabilityMatrix-win-x64\Data\Packages\ComfyUI\output\benchmark_stage4_preset\renders,renders/F1_blockshuf_pos_seed42_00001_.png,renders/F1_baseline_seed42_00001_.png,F1,7e8536f9bb,halforc_red,"Western comics style, bold ink outlines, hatched shadows, hard red-tinted rim light glowing along the edges of her face, ferocious screaming rage, seen from a steep low angle, extreme close-up on the head only, tight framing, dutch angle, sharp perspective. female half-orc, head thrown back with a wild tangle of black hair across her face, thick furrowed eyebrows pressed low in fury, wide crimson eyes wide with screaming rage, mouth stretched open in a full-throated roar baring a single sharp lower tusk, a thick iron ring pierced through the nose bridge, ferociously screaming expression. white background, simple background.",42,euler_ancestral,9,1.0,1024,1280,preset_blockshuffle,Arthemy_Bench_BLOCKSHUFFLE.json,ff680ad0a33ee142,2026-09-15 08:08:54
stage5_20260915_080853,stage5,B,449bac6a16bd,blockshuf_pos,C:\StabilityMatrix-win-x64\Data\Packages\ComfyUI\output\benchmark_stage4_preset\renders,renders/F1_blockshuf_pos_seed1337_00001_.png,renders/F1_baseline_seed1337_00001_.png,F1,7e8536f9bb,halforc_red,"Western comics style, bold ink outlines, hatched shadows, hard red-tinted rim light glowing along the edges of her face, ferocious screaming rage, seen from a steep low angle, extreme close-up on the head only, tight framing, dutch angle, sharp perspective. female half-orc, head thrown back with a wild tangle of black hair across her face, thick furrowed eyebrows pressed low in fury, wide crimson eyes wide with screaming rage, mouth stretched open in a full-throated roar baring a single sharp lower tusk, a thick iron ring pierced through the nose bridge, ferociously screaming expression. white background, simple background.",1337,euler_ancestral,9,1.0,1024,1280,preset_blockshuffle,Arthemy_Bench_BLOCKSHUFFLE.json,ff680ad0a33ee142,2026-09-15 08:08:54
stage5_20260915_080853,stage5,B,449bac6a16bd,blockshuf_pos,C:\StabilityMatrix-win-x64\Data\Packages\ComfyUI\output\benchmark_stage4_preset\renders,renders/F1_blockshuf_pos_seed777_00001_.png,renders/F1_baseline_seed777_00001_.png,F1,7e8536f9bb,halforc_red,"Western comics style, bold ink outlines, hatched shadows, hard red-tinted rim light glowing along the edges of her face, ferocious screaming rage, seen from a steep low angle, extreme close-up on the head only, tight framing, dutch angle, sharp perspective. female half-orc, head thrown back with a wild tangle of black hair across her face, thick furrowed eyebrows pressed low in fury, wide crimson eyes wide with screaming rage, mouth stretched open in a full-throated roar baring a single sharp lower tusk, a thick iron ring pierced through the nose bridge, ferociously screaming expression. white background, simple background.",777,euler_ancestral,9,1.0,1024,1280,preset_blockshuffle,Arthemy_Bench_BLOCKSHUFFLE.json,ff680ad0a33ee142,2026-09-15 08:08:54
stage5_20260915_080853,stage5,B,449bac6a16bd,blockshuf_pos,C:\StabilityMatrix-win-x64\Data\Packages\ComfyUI\output\benchmark_stage4_preset\renders,renders/F1_blockshuf_pos_seed9999_00001_.png,renders/F1_baseline_seed9999_00001_.png,F1,7e8536f9bb,halforc_red,"Western comics style, bold ink outlines, hatched shadows, hard red-tinted rim light glowing along the edges of her face, ferocious screaming rage, seen from a steep low angle, extreme close-up on the head only, tight framing, dutch angle, sharp perspective. female half-orc, head thrown back with a wild tangle of black hair across her face, thick furrowed eyebrows pressed low in fury, wide crimson eyes wide with screaming rage, mouth stretched open in a full-throated roar baring a single sharp lower tusk, a thick iron ring pierced through the nose bridge, ferociously screaming expression. white background, simple background.",9999,euler_ancestral,9,1.0,1024,1280,preset_blockshuffle,Arthemy_Bench_BLOCKSHUFFLE.json,ff680ad0a33ee142,2026-09-15 08:08:54
stage5_20260915_080853,stage5,B,9e5b7b90d6af,blockshuf_neg,C:\StabilityMatrix-win-x64\Data\Packages\ComfyUI\output\benchmark_stage4_preset\renders,renders/F1_blockshuf_neg_seed4242145_00001_.png,renders/F1_baseline_seed4242145_00001_.png,F1,7e8536f9bb,halforc_red,"Western comics style, bold ink outlines, hatched shadows, hard red-tinted rim light glowing along the edges of her face, ferocious screaming rage, seen from a steep low angle, extreme close-up on the head only, tight framing, dutch angle, sharp perspective. female half-orc, head thrown back with a wild tangle of black hair across her face, thick furrowed eyebrows pressed low in fury, wide crimson eyes wide with screaming rage, mouth stretched open in a full-throated roar baring a single sharp lower tusk, a thick iron ring pierced through the nose bridge, ferociously screaming expression. white background, simple background.",4242145,euler_ancestral,9,1.0,1024,1280,preset_blockshuffle,Arthemy_Bench_BLOCKSHUFFLE_NEG.json,ff680ad0a33ee142,2026-09-15 08:08:54
stage5_20260915_080853,stage5,B,9e5b7b90d6af,blockshuf_neg,C:\StabilityMatrix-win-x64\Data\Packages\ComfyUI\output\benchmark_stage4_preset\renders,renders/F1_blockshuf_neg_seed42_00001_.png,renders/F1_baseline_seed42_00001_.png,F1,7e8536f9bb,halforc_red,"Western comics style, bold ink outlines, hatched shadows, hard red-tinted rim light glowing along the edges of her face, ferocious screaming rage, seen from a steep low angle, extreme close-up on the head only, tight framing, dutch angle, sharp perspective. female half-orc, head thrown back with a wild tangle of black hair across her face, thick furrowed eyebrows pressed low in fury, wide crimson eyes wide with screaming rage, mouth stretched open in a full-throated roar baring a single sharp lower tusk, a thick iron ring pierced through the nose bridge, ferociously screaming expression. white background, simple background.",42,euler_ancestral,9,1.0,1024,1280,preset_blockshuffle,Arthemy_Bench_BLOCKSHUFFLE_NEG.json,ff680ad0a33ee142,2026-09-15 08:08:54
stage5_20260915_080853,stage5,B,9e5b7b90d6af,blockshuf_neg,C:\StabilityMatrix-win-x64\Data\Packages\ComfyUI\output\benchmark_stage4_preset\renders,renders/F1_blockshuf_neg_seed1337_00001_.png,renders/F1_baseline_seed1337_00001_.png,F1,7e8536f9bb,halforc_red,"Western comics style, bold ink outlines, hatched shadows, hard red-tinted rim light glowing along the edges of her face, ferocious screaming rage, seen from a steep low angle, extreme close-up on the head only, tight framing, dutch angle, sharp perspective. female half-orc, head thrown back with a wild tangle of black hair across her face, thick furrowed eyebrows pressed low in fury, wide crimson eyes wide with screaming rage, mouth stretched open in a full-throated roar baring a single sharp lower tusk, a thick iron ring pierced through the nose bridge, ferociously screaming expression. white background, simple background.",1337,euler_ancestral,9,1.0,1024,1280,preset_blockshuffle,Arthemy_Bench_BLOCKSHUFFLE_NEG.json,ff680ad0a33ee142,2026-09-15 08:08:54
stage5_20260915_080853,stage5,B,9e5b7b90d6af,blockshuf_neg,C:\StabilityMatrix-win-x64\Data\Packages\ComfyUI\output\benchmark_stage4_preset\renders,renders/F1_blockshuf_neg_seed777_00001_.png,renders/F1_baseline_seed777_00001_.png,F1,7e8536f9bb,halforc_red,"Western comics style, bold ink outlines, hatched shadows, hard red-tinted rim light glowing along the edges of her face, ferocious screaming rage, seen from a steep low angle, extreme close-up on the head only, tight framing, dutch angle, sharp perspective. female half-orc, head thrown back with a wild tangle of black hair across her face, thick furrowed eyebrows pressed low in fury, wide crimson eyes wide with screaming rage, mouth stretched open in a full-throated roar baring a single sharp lower tusk, a thick iron ring pierced through the nose bridge, ferociously screaming expression. white background, simple background.",777,euler_ancestral,9,1.0,1024,1280,preset_blockshuffle,Arthemy_Bench_BLOCKSHUFFLE_NEG.json,ff680ad0a33ee142,2026-09-15 08:08:54
stage5_20260915_080853,stage5,B,9e5b7b90d6af,blockshuf_neg,C:\StabilityMatrix-win-x64\Data\Packages\ComfyUI\output\benchmark_stage4_preset\renders,renders/F1_blockshuf_neg_seed9999_00001_.png,renders/F1_baseline_seed9999_00001_.png,F1,7e8536f9bb,halforc_red,"Western comics style, bold ink outlines, hatched shadows, hard red-tinted rim light glowing along the edges of her face, ferocious screaming rage, seen from a steep low angle, extreme close-up on the head only, tight framing, dutch angle, sharp perspective. female half-orc, head thrown back with a wild tangle of black hair across her face, thick furrowed eyebrows pressed low in fury, wide crimson eyes wide with screaming rage, mouth stretched open in a full-throated roar baring a single sharp lower tusk, a thick iron ring pierced through the nose bridge, ferociously screaming expression. white background, simple background.",9999,euler_ancestral,9,1.0,1024,1280,preset_blockshuffle,Arthemy_Bench_BLOCKSHUFFLE_NEG.json,ff680ad0a33ee142,2026-09-15 08:08:54
stage5_20260915_080853,stage5,B,449bac6a16bd,blockshuf_pos,C:\StabilityMatrix-win-x64\Data\Packages\ComfyUI\output\benchmark_stage4_preset\renders,renders/F2_blockshuf_pos_seed4242145_00001_.png,renders/F2_baseline_seed4242145_00001_.png,F2,ecdd49e618,darkelf_teal,"Western comics style, bold ink outlines, hatched shadows, hard teal-tinted rim light glowing along the edges of her face, cold simmering fury, seen from a steep low angle, extreme close-up on the head only, tight framing, dutch angle, sharp perspective. female dark elf, head turned sharply with a piercing glare, sleek white hair pulled back tight, sharply angled eyebrows pressed low, long slender nose with a fine slit piercing, narrow cyan eyes glowing faintly at the edges, thin lips pressed into a tight furious line, an intricate tribal pattern tattooed down one temple, small onyx studs lining the upper ear. white background, simple background, teal overall hue, monochromatic teal.",4242145,euler_ancestral,9,1.0,1024,1280,preset_blockshuffle,Arthemy_Bench_BLOCKSHUFFLE.json,ff680ad0a33ee142,2026-09-15 08:08:54
stage5_20260915_080853,stage5,B,449bac6a16bd,blockshuf_pos,C:\StabilityMatrix-win-x64\Data\Packages\ComfyUI\output\benchmark_stage4_preset\renders,renders/F2_blockshuf_pos_seed42_00001_.png,renders/F2_baseline_seed42_00001_.png,F2,ecdd49e618,darkelf_teal,"Western comics style, bold ink outlines, hatched shadows, hard teal-tinted rim light glowing along the edges of her face, cold simmering fury, seen from a steep low angle, extreme close-up on the head only, tight framing, dutch angle, sharp perspective. female dark elf, head turned sharply with a piercing glare, sleek white hair pulled back tight, sharply angled eyebrows pressed low, long slender nose with a fine slit piercing, narrow cyan eyes glowing faintly at the edges, thin lips pressed into a tight furious line, an intricate tribal pattern tattooed down one temple, small onyx studs lining the upper ear. white background, simple background, teal overall hue, monochromatic teal.",42,euler_ancestral,9,1.0,1024,1280,preset_blockshuffle,Arthemy_Bench_BLOCKSHUFFLE.json,ff680ad0a33ee142,2026-09-15 08:08:54
stage5_20260915_080853,stage5,B,449bac6a16bd,blockshuf_pos,C:\StabilityMatrix-win-x64\Data\Packages\ComfyUI\output\benchmark_stage4_preset\renders,renders/F2_blockshuf_pos_seed1337_00001_.png,renders/F2_baseline_seed1337_00001_.png,F2,ecdd49e618,darkelf_teal,"Western comics style, bold ink outlines, hatched shadows, hard teal-tinted rim light glowing along the edges of her face, cold simmering fury, seen from a steep low angle, extreme close-up on the head only, tight framing, dutch angle, sharp perspective. female dark elf, head turned sharply with a piercing glare, sleek white hair pulled back tight, sharply angled eyebrows pressed low, long slender nose with a fine slit piercing, narrow cyan eyes glowing faintly at the edges, thin lips pressed into a tight furious line, an intricate tribal pattern tattooed down one temple, small onyx studs lining the upper ear. white background, simple background, teal overall hue, monochromatic teal.",1337,euler_ancestral,9,1.0,1024,1280,preset_blockshuffle,Arthemy_Bench_BLOCKSHUFFLE.json,ff680ad0a33ee142,2026-09-15 08:08:54
stage5_20260915_080853,stage5,B,449bac6a16bd,blockshuf_pos,C:\StabilityMatrix-win-x64\Data\Packages\ComfyUI\output\benchmark_stage4_preset\renders,renders/F2_blockshuf_pos_seed777_00001_.png,renders/F2_baseline_seed777_00001_.png,F2,ecdd49e618,darkelf_teal,"Western comics style, bold ink outlines, hatched shadows, hard teal-tinted rim light glowing along the edges of her face, cold simmering fury, seen from a steep low angle, extreme close-up on the head only, tight framing, dutch angle, sharp perspective. female dark elf, head turned sharply with a piercing glare, sleek white hair pulled back tight, sharply angled eyebrows pressed low, long slender nose with a fine slit piercing, narrow cyan eyes glowing faintly at the edges, thin lips pressed into a tight furious line, an intricate tribal pattern tattooed down one temple, small onyx studs lining the upper ear. white background, simple background, teal overall hue, monochromatic teal.",777,euler_ancestral,9,1.0,1024,1280,preset_blockshuffle,Arthemy_Bench_BLOCKSHUFFLE.json,ff680ad0a33ee142,2026-09-15 08:08:54
stage5_20260915_080853,stage5,B,449bac6a16bd,blockshuf_pos,C:\StabilityMatrix-win-x64\Data\Packages\ComfyUI\output\benchmark_stage4_preset\renders,renders/F2_blockshuf_pos_seed9999_00001_.png,renders/F2_baseline_seed9999_00001_.png,F2,ecdd49e618,darkelf_teal,"Western comics style, bold ink outlines, hatched shadows, hard teal-tinted rim light glowing along the edges of her face, cold simmering fury, seen from a steep low angle, extreme close-up on the head only, tight framing, dutch angle, sharp perspective. female dark elf, head turned sharply with a piercing glare, sleek white hair pulled back tight, sharply angled eyebrows pressed low, long slender nose with a fine slit piercing, narrow cyan eyes glowing faintly at the edges, thin lips pressed into a tight furious line, an intricate tribal pattern tattooed down one temple, small onyx studs lining the upper ear. white background, simple background, teal overall hue, monochromatic teal.",9999,euler_ancestral,9,1.0,1024,1280,preset_blockshuffle,Arthemy_Bench_BLOCKSHUFFLE.json,ff680ad0a33ee142,2026-09-15 08:08:54
stage5_20260915_080853,stage5,B,9e5b7b90d6af,blockshuf_neg,C:\StabilityMatrix-win-x64\Data\Packages\ComfyUI\output\benchmark_stage4_preset\renders,renders/F2_blockshuf_neg_seed4242145_00001_.png,renders/F2_baseline_seed4242145_00001_.png,F2,ecdd49e618,darkelf_teal,"Western comics style, bold ink outlines, hatched shadows, hard teal-tinted rim light glowing along the edges of her face, cold simmering fury, seen from a steep low angle, extreme close-up on the head only, tight framing, dutch angle, sharp perspective. female dark elf, head turned sharply with a piercing glare, sleek white hair pulled back tight, sharply angled eyebrows pressed low, long slender nose with a fine slit piercing, narrow cyan eyes glowing faintly at the edges, thin lips pressed into a tight furious line, an intricate tribal pattern tattooed down one temple, small onyx studs lining the upper ear. white background, simple background, teal overall hue, monochromatic teal.",4242145,euler_ancestral,9,1.0,1024,1280,preset_blockshuffle,Arthemy_Bench_BLOCKSHUFFLE_NEG.json,ff680ad0a33ee142,2026-09-15 08:08:54
stage5_20260915_080853,stage5,B,9e5b7b90d6af,blockshuf_neg,C:\StabilityMatrix-win-x64\Data\Packages\ComfyUI\output\benchmark_stage4_preset\renders,renders/F2_blockshuf_neg_seed42_00001_.png,renders/F2_baseline_seed42_00001_.png,F2,ecdd49e618,darkelf_teal,"Western comics style, bold ink outlines, hatched shadows, hard teal-tinted rim light glowing along the edges of her face, cold simmering fury, seen from a steep low angle, extreme close-up on the head only, tight framing, dutch angle, sharp perspective. female dark elf, head turned sharply with a piercing glare, sleek white hair pulled back tight, sharply angled eyebrows pressed low, long slender nose with a fine slit piercing, narrow cyan eyes glowing faintly at the edges, thin lips pressed into a tight furious line, an intricate tribal pattern tattooed down one temple, small onyx studs lining the upper ear. white background, simple background, teal overall hue, monochromatic teal.",42,euler_ancestral,9,1.0,1024,1280,preset_blockshuffle,Arthemy_Bench_BLOCKSHUFFLE_NEG.json,ff680ad0a33ee142,2026-09-15 08:08:54
stage5_20260915_080853,stage5,B,9e5b7b90d6af,blockshuf_neg,C:\StabilityMatrix-win-x64\Data\Packages\ComfyUI\output\benchmark_stage4_preset\renders,renders/F2_blockshuf_neg_seed1337_00001_.png,renders/F2_baseline_seed1337_00001_.png,F2,ecdd49e618,darkelf_teal,"Western comics style, bold ink outlines, hatched shadows, hard teal-tinted rim light glowing along the edges of her face, cold simmering fury, seen from a steep low angle, extreme close-up on the head only, tight framing, dutch angle, sharp perspective. female dark elf, head turned sharply with a piercing glare, sleek white hair pulled back tight, sharply angled eyebrows pressed low, long slender nose with a fine slit piercing, narrow cyan eyes glowing faintly at the edges, thin lips pressed into a tight furious line, an intricate tribal pattern tattooed down one temple, small onyx studs lining the upper ear. white background, simple background, teal overall hue, monochromatic teal.",1337,euler_ancestral,9,1.0,1024,1280,preset_blockshuffle,Arthemy_Bench_BLOCKSHUFFLE_NEG.json,ff680ad0a33ee142,2026-09-15 08:08:54
stage5_20260915_080853,stage5,B,9e5b7b90d6af,blockshuf_neg,C:\StabilityMatrix-win-x64\Data\Packages\ComfyUI\output\benchmark_stage4_preset\renders,renders/F2_blockshuf_neg_seed777_00001_.png,renders/F2_baseline_seed777_00001_.png,F2,ecdd49e618,darkelf_teal,"Western comics style, bold ink outlines, hatched shadows, hard teal-tinted rim light glowing along the edges of her face, cold simmering fury, seen from a steep low angle, extreme close-up on the head only, tight framing, dutch angle, sharp perspective. female dark elf, head turned sharply with a piercing glare, sleek white hair pulled back tight, sharply angled eyebrows pressed low, long slender nose with a fine slit piercing, narrow cyan eyes glowing faintly at the edges, thin lips pressed into a tight furious line, an intricate tribal pattern tattooed down one temple, small onyx studs lining the upper ear. white background, simple background, teal overall hue, monochromatic teal.",777,euler_ancestral,9,1.0,1024,1280,preset_blockshuffle,Arthemy_Bench_BLOCKSHUFFLE_NEG.json,ff680ad0a33ee142,2026-09-15 08:08:54
stage5_20260915_080853,stage5,B,9e5b7b90d6af,blockshuf_neg,C:\StabilityMatrix-win-x64\Data\Packages\ComfyUI\output\benchmark_stage4_preset\renders,renders/F2_blockshuf_neg_seed9999_00001_.png,renders/F2_baseline_seed9999_00001_.png,F2,ecdd49e618,darkelf_teal,"Western comics style, bold ink outlines, hatched shadows, hard teal-tinted rim light glowing along the edges of her face, cold simmering fury, seen from a steep low angle, extreme close-up on the head only, tight framing, dutch angle, sharp perspective. female dark elf, head turned sharply with a piercing glare, sleek white hair pulled back tight, sharply angled eyebrows pressed low, long slender nose with a fine slit piercing, narrow cyan eyes glowing faintly at the edges, thin lips pressed into a tight furious line, an intricate tribal pattern tattooed down one temple, small onyx studs lining the upper ear. white background, simple background, teal overall hue, monochromatic teal.",9999,euler_ancestral,9,1.0,1024,1280,preset_blockshuffle,Arthemy_Bench_BLOCKSHUFFLE_NEG.json,ff680ad0a33ee142,2026-09-15 08:08:54
stage5_20260915_080853,stage5,B,449bac6a16bd,blockshuf_pos,C:\StabilityMatrix-win-x64\Data\Packages\ComfyUI\output\benchmark_stage4_preset\renders,renders/F3_blockshuf_pos_seed4242145_00001_.png,renders/F3_baseline_seed4242145_00001_.png,F3,83301f8591,tiefling_orange,"Western comics style, bold ink outlines, hatched shadows, hard orange-tinted rim light glowing along the edges of her face, cross-eyed dazed shock, seen from an extreme spiraling angle as if she's spinning, extreme close-up on the head only, tight framing, dizzying tilted dutch angle. young adult female tiefling, deep indigo-blue skin, singed frizzy white hair standing on end, one eyebrow scorched shorter than the other, a small straight nose with a faint wisp of smoke curling from one nostril, eyes crossed and spiraled with dazed shock, mouth hanging open lopsided, one twisted horn slightly blackened at the tip, a cracked pendant hanging crooked from a snapped chain. white background, simple background, orange overall hue, monochromatic orange.",4242145,euler_ancestral,9,1.0,1024,1280,preset_blockshuffle,Arthemy_Bench_BLOCKSHUFFLE.json,ff680ad0a33ee142,2026-09-15 08:08:54
stage5_20260915_080853,stage5,B,449bac6a16bd,blockshuf_pos,C:\StabilityMatrix-win-x64\Data\Packages\ComfyUI\output\benchmark_stage4_preset\renders,renders/F3_blockshuf_pos_seed42_00001_.png,renders/F3_baseline_seed42_00001_.png,F3,83301f8591,tiefling_orange,"Western comics style, bold ink outlines, hatched shadows, hard orange-tinted rim light glowing along the edges of her face, cross-eyed dazed shock, seen from an extreme spiraling angle as if she's spinning, extreme close-up on the head only, tight framing, dizzying tilted dutch angle. young adult female tiefling, deep indigo-blue skin, singed frizzy white hair standing on end, one eyebrow scorched shorter than the other, a small straight nose with a faint wisp of smoke curling from one nostril, eyes crossed and spiraled with dazed shock, mouth hanging open lopsided, one twisted horn slightly blackened at the tip, a cracked pendant hanging crooked from a snapped chain. white background, simple background, orange overall hue, monochromatic orange.",42,euler_ancestral,9,1.0,1024,1280,preset_blockshuffle,Arthemy_Bench_BLOCKSHUFFLE.json,ff680ad0a33ee142,2026-09-15 08:08:54
stage5_20260915_080853,stage5,B,449bac6a16bd,blockshuf_pos,C:\StabilityMatrix-win-x64\Data\Packages\ComfyUI\output\benchmark_stage4_preset\renders,renders/F3_blockshuf_pos_seed1337_00001_.png,renders/F3_baseline_seed1337_00001_.png,F3,83301f8591,tiefling_orange,"Western comics style, bold ink outlines, hatched shadows, hard orange-tinted rim light glowing along the edges of her face, cross-eyed dazed shock, seen from an extreme spiraling angle as if she's spinning, extreme close-up on the head only, tight framing, dizzying tilted dutch angle. young adult female tiefling, deep indigo-blue skin, singed frizzy white hair standing on end, one eyebrow scorched shorter than the other, a small straight nose with a faint wisp of smoke curling from one nostril, eyes crossed and spiraled with dazed shock, mouth hanging open lopsided, one twisted horn slightly blackened at the tip, a cracked pendant hanging crooked from a snapped chain. white background, simple background, orange overall hue, monochromatic orange.",1337,euler_ancestral,9,1.0,1024,1280,preset_blockshuffle,Arthemy_Bench_BLOCKSHUFFLE.json,ff680ad0a33ee142,2026-09-15 08:08:54
stage5_20260915_080853,stage5,B,449bac6a16bd,blockshuf_pos,C:\StabilityMatrix-win-x64\Data\Packages\ComfyUI\output\benchmark_stage4_preset\renders,renders/F3_blockshuf_pos_seed777_00001_.png,renders/F3_baseline_seed777_00001_.png,F3,83301f8591,tiefling_orange,"Western comics style, bold ink outlines, hatched shadows, hard orange-tinted rim light glowing along the edges of her face, cross-eyed dazed shock, seen from an extreme spiraling angle as if she's spinning, extreme close-up on the head only, tight framing, dizzying tilted dutch angle. young adult female tiefling, deep indigo-blue skin, singed frizzy white hair standing on end, one eyebrow scorched shorter than the other, a small straight nose with a faint wisp of smoke curling from one nostril, eyes crossed and spiraled with dazed shock, mouth hanging open lopsided, one twisted horn slightly blackened at the tip, a cracked pendant hanging crooked from a snapped chain. white background, simple background, orange overall hue, monochromatic orange.",777,euler_ancestral,9,1.0,1024,1280,preset_blockshuffle,Arthemy_Bench_BLOCKSHUFFLE.json,ff680ad0a33ee142,2026-09-15 08:08:54
stage5_20260915_080853,stage5,B,449bac6a16bd,blockshuf_pos,C:\StabilityMatrix-win-x64\Data\Packages\ComfyUI\output\benchmark_stage4_preset\renders,renders/F3_blockshuf_pos_seed9999_00001_.png,renders/F3_baseline_seed9999_00001_.png,F3,83301f8591,tiefling_orange,"Western comics style, bold ink outlines, hatched shadows, hard orange-tinted rim light glowing along the edges of her face, cross-eyed dazed shock, seen from an extreme spiraling angle as if she's spinning, extreme close-up on the head only, tight framing, dizzying tilted dutch angle. young adult female tiefling, deep indigo-blue skin, singed frizzy white hair standing on end, one eyebrow scorched shorter than the other, a small straight nose with a faint wisp of smoke curling from one nostril, eyes crossed and spiraled with dazed shock, mouth hanging open lopsided, one twisted horn slightly blackened at the tip, a cracked pendant hanging crooked from a snapped chain. white background, simple background, orange overall hue, monochromatic orange.",9999,euler_ancestral,9,1.0,1024,1280,preset_blockshuffle,Arthemy_Bench_BLOCKSHUFFLE.json,ff680ad0a33ee142,2026-09-15 08:08:54
stage5_20260915_080853,stage5,B,9e5b7b90d6af,blockshuf_neg,C:\StabilityMatrix-win-x64\Data\Packages\ComfyUI\output\benchmark_stage4_preset\renders,renders/F3_blockshuf_neg_seed4242145_00001_.png,renders/F3_baseline_seed4242145_00001_.png,F3,83301f8591,tiefling_orange,"Western comics style, bold ink outlines, hatched shadows, hard orange-tinted rim light glowing along the edges of her face, cross-eyed dazed shock, seen from an extreme spiraling angle as if she's spinning, extreme close-up on the head only, tight framing, dizzying tilted dutch angle. young adult female tiefling, deep indigo-blue skin, singed frizzy white hair standing on end, one eyebrow scorched shorter than the other, a small straight nose with a faint wisp of smoke curling from one nostril, eyes crossed and spiraled with dazed shock, mouth hanging open lopsided, one twisted horn slightly blackened at the tip, a cracked pendant hanging crooked from a snapped chain. white background, simple background, orange overall hue, monochromatic orange.",4242145,euler_ancestral,9,1.0,1024,1280,preset_blockshuffle,Arthemy_Bench_BLOCKSHUFFLE_NEG.json,ff680ad0a33ee142,2026-09-15 08:08:54
stage5_20260915_080853,stage5,B,9e5b7b90d6af,blockshuf_neg,C:\StabilityMatrix-win-x64\Data\Packages\ComfyUI\output\benchmark_stage4_preset\renders,renders/F3_blockshuf_neg_seed42_00001_.png,renders/F3_baseline_seed42_00001_.png,F3,83301f8591,tiefling_orange,"Western comics style, bold ink outlines, hatched shadows, hard orange-tinted rim light glowing along the edges of her face, cross-eyed dazed shock, seen from an extreme spiraling angle as if she's spinning, extreme close-up on the head only, tight framing, dizzying tilted dutch angle. young adult female tiefling, deep indigo-blue skin, singed frizzy white hair standing on end, one eyebrow scorched shorter than the other, a small straight nose with a faint wisp of smoke curling from one nostril, eyes crossed and spiraled with dazed shock, mouth hanging open lopsided, one twisted horn slightly blackened at the tip, a cracked pendant hanging crooked from a snapped chain. white background, simple background, orange overall hue, monochromatic orange.",42,euler_ancestral,9,1.0,1024,1280,preset_blockshuffle,Arthemy_Bench_BLOCKSHUFFLE_NEG.json,ff680ad0a33ee142,2026-09-15 08:08:54
stage5_20260915_080853,stage5,B,9e5b7b90d6af,blockshuf_neg,C:\StabilityMatrix-win-x64\Data\Packages\ComfyUI\output\benchmark_stage4_preset\renders,renders/F3_blockshuf_neg_seed1337_00001_.png,renders/F3_baseline_seed1337_00001_.png,F3,83301f8591,tiefling_orange,"Western comics style, bold ink outlines, hatched shadows, hard orange-tinted rim light glowing along the edges of her face, cross-eyed dazed shock, seen from an extreme spiraling angle as if she's spinning, extreme close-up on the head only, tight framing, dizzying tilted dutch angle. young adult female tiefling, deep indigo-blue skin, singed frizzy white hair standing on end, one eyebrow scorched shorter than the other, a small straight nose with a faint wisp of smoke curling from one nostril, eyes crossed and spiraled with dazed shock, mouth hanging open lopsided, one twisted horn slightly blackened at the tip, a cracked pendant hanging crooked from a snapped chain. white background, simple background, orange overall hue, monochromatic orange.",1337,euler_ancestral,9,1.0,1024,1280,preset_blockshuffle,Arthemy_Bench_BLOCKSHUFFLE_NEG.json,ff680ad0a33ee142,2026-09-15 08:08:54
stage5_20260915_080853,stage5,B,9e5b7b90d6af,blockshuf_neg,C:\StabilityMatrix-win-x64\Data\Packages\ComfyUI\output\benchmark_stage4_preset\renders,renders/F3_blockshuf_neg_seed777_00001_.png,renders/F3_baseline_seed777_00001_.png,F3,83301f8591,tiefling_orange,"Western comics style, bold ink outlines, hatched shadows, hard orange-tinted rim light glowing along the edges of her face, cross-eyed dazed shock, seen from an extreme spiraling angle as if she's spinning, extreme close-up on the head only, tight framing, dizzying tilted dutch angle. young adult female tiefling, deep indigo-blue skin, singed frizzy white hair standing on end, one eyebrow scorched shorter than the other, a small straight nose with a faint wisp of smoke curling from one nostril, eyes crossed and spiraled with dazed shock, mouth hanging open lopsided, one twisted horn slightly blackened at the tip, a cracked pendant hanging crooked from a snapped chain. white background, simple background, orange overall hue, monochromatic orange.",777,euler_ancestral,9,1.0,1024,1280,preset_blockshuffle,Arthemy_Bench_BLOCKSHUFFLE_NEG.json,ff680ad0a33ee142,2026-09-15 08:08:54
stage5_20260915_080853,stage5,B,9e5b7b90d6af,blockshuf_neg,C:\StabilityMatrix-win-x64\Data\Packages\ComfyUI\output\benchmark_stage4_preset\renders,renders/F3_blockshuf_neg_seed9999_00001_.png,renders/F3_baseline_seed9999_00001_.png,F3,83301f8591,tiefling_orange,"Western comics style, bold ink outlines, hatched shadows, hard orange-tinted rim light glowing along the edges of her face, cross-eyed dazed shock, seen from an extreme spiraling angle as if she's spinning, extreme close-up on the head only, tight framing, dizzying tilted dutch angle. young adult female tiefling, deep indigo-blue skin, singed frizzy white hair standing on end, one eyebrow scorched shorter than the other, a small straight nose with a faint wisp of smoke curling from one nostril, eyes crossed and spiraled with dazed shock, mouth hanging open lopsided, one twisted horn slightly blackened at the tip, a cracked pendant hanging crooked from a snapped chain. white background, simple background, orange overall hue, monochromatic orange.",9999,euler_ancestral,9,1.0,1024,1280,preset_blockshuffle,Arthemy_Bench_BLOCKSHUFFLE_NEG.json,ff680ad0a33ee142,2026-09-15 08:08:54
stage5_20260915_080853,stage5,B,449bac6a16bd,blockshuf_pos,C:\StabilityMatrix-win-x64\Data\Packages\ComfyUI\output\benchmark_stage4_preset\renders,renders/F4_blockshuf_pos_seed4242145_00001_.png,renders/F4_baseline_seed4242145_00001_.png,F4,d96b69d21c,elf_blue,"realistic western comics style, bold ink outlines, extreme expression, hatched shadows, hard blue-tinted rim light glowing along the edges of her face, screaming in terror, seen from a steep low angle, extreme close-up on the head only, pale skin, tight framing, dutch angle, sharp perspective. female elf, head turning in fear and surprise looking in camera, short blonde hair in a metty bob haircut, slim blonde eyebrows raised, wide teal eyes wide open, mouth stretched open in a full-throated panic scream, a gold necklace is flying around. white background, simple background, blue overall hue, monochromatic blue.",4242145,euler_ancestral,9,1.0,1024,1280,preset_blockshuffle,Arthemy_Bench_BLOCKSHUFFLE.json,ff680ad0a33ee142,2026-09-15 08:08:54
stage5_20260915_080853,stage5,B,449bac6a16bd,blockshuf_pos,C:\StabilityMatrix-win-x64\Data\Packages\ComfyUI\output\benchmark_stage4_preset\renders,renders/F4_blockshuf_pos_seed42_00001_.png,renders/F4_baseline_seed42_00001_.png,F4,d96b69d21c,elf_blue,"realistic western comics style, bold ink outlines, extreme expression, hatched shadows, hard blue-tinted rim light glowing along the edges of her face, screaming in terror, seen from a steep low angle, extreme close-up on the head only, pale skin, tight framing, dutch angle, sharp perspective. female elf, head turning in fear and surprise looking in camera, short blonde hair in a metty bob haircut, slim blonde eyebrows raised, wide teal eyes wide open, mouth stretched open in a full-throated panic scream, a gold necklace is flying around. white background, simple background, blue overall hue, monochromatic blue.",42,euler_ancestral,9,1.0,1024,1280,preset_blockshuffle,Arthemy_Bench_BLOCKSHUFFLE.json,ff680ad0a33ee142,2026-09-15 08:08:54
stage5_20260915_080853,stage5,B,449bac6a16bd,blockshuf_pos,C:\StabilityMatrix-win-x64\Data\Packages\ComfyUI\output\benchmark_stage4_preset\renders,renders/F4_blockshuf_pos_seed1337_00001_.png,renders/F4_baseline_seed1337_00001_.png,F4,d96b69d21c,elf_blue,"realistic western comics style, bold ink outlines, extreme expression, hatched shadows, hard blue-tinted rim light glowing along the edges of her face, screaming in terror, seen from a steep low angle, extreme close-up on the head only, pale skin, tight framing, dutch angle, sharp perspective. female elf, head turning in fear and surprise looking in camera, short blonde hair in a metty bob haircut, slim blonde eyebrows raised, wide teal eyes wide open, mouth stretched open in a full-throated panic scream, a gold necklace is flying around. white background, simple background, blue overall hue, monochromatic blue.",1337,euler_ancestral,9,1.0,1024,1280,preset_blockshuffle,Arthemy_Bench_BLOCKSHUFFLE.json,ff680ad0a33ee142,2026-09-15 08:08:54
stage5_20260915_080853,stage5,B,449bac6a16bd,blockshuf_pos,C:\StabilityMatrix-win-x64\Data\Packages\ComfyUI\output\benchmark_stage4_preset\renders,renders/F4_blockshuf_pos_seed777_00001_.png,renders/F4_baseline_seed777_00001_.png,F4,d96b69d21c,elf_blue,"realistic western comics style, bold ink outlines, extreme expression, hatched shadows, hard blue-tinted rim light glowing along the edges of her face, screaming in terror, seen from a steep low angle, extreme close-up on the head only, pale skin, tight framing, dutch angle, sharp perspective. female elf, head turning in fear and surprise looking in camera, short blonde hair in a metty bob haircut, slim blonde eyebrows raised, wide teal eyes wide open, mouth stretched open in a full-throated panic scream, a gold necklace is flying around. white background, simple background, blue overall hue, monochromatic blue.",777,euler_ancestral,9,1.0,1024,1280,preset_blockshuffle,Arthemy_Bench_BLOCKSHUFFLE.json,ff680ad0a33ee142,2026-09-15 08:08:54
stage5_20260915_080853,stage5,B,449bac6a16bd,blockshuf_pos,C:\StabilityMatrix-win-x64\Data\Packages\ComfyUI\output\benchmark_stage4_preset\renders,renders/F4_blockshuf_pos_seed9999_00001_.png,renders/F4_baseline_seed9999_00001_.png,F4,d96b69d21c,elf_blue,"realistic western comics style, bold ink outlines, extreme expression, hatched shadows, hard blue-tinted rim light glowing along the edges of her face, screaming in terror, seen from a steep low angle, extreme close-up on the head only, pale skin, tight framing, dutch angle, sharp perspective. female elf, head turning in fear and surprise looking in camera, short blonde hair in a metty bob haircut, slim blonde eyebrows raised, wide teal eyes wide open, mouth stretched open in a full-throated panic scream, a gold necklace is flying around. white background, simple background, blue overall hue, monochromatic blue.",9999,euler_ancestral,9,1.0,1024,1280,preset_blockshuffle,Arthemy_Bench_BLOCKSHUFFLE.json,ff680ad0a33ee142,2026-09-15 08:08:54
stage5_20260915_080853,stage5,B,9e5b7b90d6af,blockshuf_neg,C:\StabilityMatrix-win-x64\Data\Packages\ComfyUI\output\benchmark_stage4_preset\renders,renders/F4_blockshuf_neg_seed4242145_00001_.png,renders/F4_baseline_seed4242145_00001_.png,F4,d96b69d21c,elf_blue,"realistic western comics style, bold ink outlines, extreme expression, hatched shadows, hard blue-tinted rim light glowing along the edges of her face, screaming in terror, seen from a steep low angle, extreme close-up on the head only, pale skin, tight framing, dutch angle, sharp perspective. female elf, head turning in fear and surprise looking in camera, short blonde hair in a metty bob haircut, slim blonde eyebrows raised, wide teal eyes wide open, mouth stretched open in a full-throated panic scream, a gold necklace is flying around. white background, simple background, blue overall hue, monochromatic blue.",4242145,euler_ancestral,9,1.0,1024,1280,preset_blockshuffle,Arthemy_Bench_BLOCKSHUFFLE_NEG.json,ff680ad0a33ee142,2026-09-15 08:08:54
stage5_20260915_080853,stage5,B,9e5b7b90d6af,blockshuf_neg,C:\StabilityMatrix-win-x64\Data\Packages\ComfyUI\output\benchmark_stage4_preset\renders,renders/F4_blockshuf_neg_seed42_00001_.png,renders/F4_baseline_seed42_00001_.png,F4,d96b69d21c,elf_blue,"realistic western comics style, bold ink outlines, extreme expression, hatched shadows, hard blue-tinted rim light glowing along the edges of her face, screaming in terror, seen from a steep low angle, extreme close-up on the head only, pale skin, tight framing, dutch angle, sharp perspective. female elf, head turning in fear and surprise looking in camera, short blonde hair in a metty bob haircut, slim blonde eyebrows raised, wide teal eyes wide open, mouth stretched open in a full-throated panic scream, a gold necklace is flying around. white background, simple background, blue overall hue, monochromatic blue.",42,euler_ancestral,9,1.0,1024,1280,preset_blockshuffle,Arthemy_Bench_BLOCKSHUFFLE_NEG.json,ff680ad0a33ee142,2026-09-15 08:08:54
stage5_20260915_080853,stage5,B,9e5b7b90d6af,blockshuf_neg,C:\StabilityMatrix-win-x64\Data\Packages\ComfyUI\output\benchmark_stage4_preset\renders,renders/F4_blockshuf_neg_seed1337_00001_.png,renders/F4_baseline_seed1337_00001_.png,F4,d96b69d21c,elf_blue,"realistic western comics style, bold ink outlines, extreme expression, hatched shadows, hard blue-tinted rim light glowing along the edges of her face, screaming in terror, seen from a steep low angle, extreme close-up on the head only, pale skin, tight framing, dutch angle, sharp perspective. female elf, head turning in fear and surprise looking in camera, short blonde hair in a metty bob haircut, slim blonde eyebrows raised, wide teal eyes wide open, mouth stretched open in a full-throated panic scream, a gold necklace is flying around. white background, simple background, blue overall hue, monochromatic blue.",1337,euler_ancestral,9,1.0,1024,1280,preset_blockshuffle,Arthemy_Bench_BLOCKSHUFFLE_NEG.json,ff680ad0a33ee142,2026-09-15 08:08:54
stage5_20260915_080853,stage5,B,9e5b7b90d6af,blockshuf_neg,C:\StabilityMatrix-win-x64\Data\Packages\ComfyUI\output\benchmark_stage4_preset\renders,renders/F4_blockshuf_neg_seed777_00001_.png,renders/F4_baseline_seed777_00001_.png,F4,d96b69d21c,elf_blue,"realistic western comics style, bold ink outlines, extreme expression, hatched shadows, hard blue-tinted rim light glowing along the edges of her face, screaming in terror, seen from a steep low angle, extreme close-up on the head only, pale skin, tight framing, dutch angle, sharp perspective. female elf, head turning in fear and surprise looking in camera, short blonde hair in a metty bob haircut, slim blonde eyebrows raised, wide teal eyes wide open, mouth stretched open in a full-throated panic scream, a gold necklace is flying around. white background, simple background, blue overall hue, monochromatic blue.",777,euler_ancestral,9,1.0,1024,1280,preset_blockshuffle,Arthemy_Bench_BLOCKSHUFFLE_NEG.json,ff680ad0a33ee142,2026-09-15 08:08:54
stage5_20260915_080853,stage5,B,9e5b7b90d6af,blockshuf_neg,C:\StabilityMatrix-win-x64\Data\Packages\ComfyUI\output\benchmark_stage4_preset\renders,renders/F4_blockshuf_neg_seed9999_00001_.png,renders/F4_baseline_seed9999_00001_.png,F4,d96b69d21c,elf_blue,"realistic western comics style, bold ink outlines, extreme expression, hatched shadows, hard blue-tinted rim light glowing along the edges of her face, screaming in terror, seen from a steep low angle, extreme close-up on the head only, pale skin, tight framing, dutch angle, sharp perspective. female elf, head turning in fear and surprise looking in camera, short blonde hair in a metty bob haircut, slim blonde eyebrows raised, wide teal eyes wide open, mouth stretched open in a full-throated panic scream, a gold necklace is flying around. white background, simple background, blue overall hue, monochromatic blue.",9999,euler_ancestral,9,1.0,1024,1280,preset_blockshuffle,Arthemy_Bench_BLOCKSHUFFLE_NEG.json,ff680ad0a33ee142,2026-09-15 08:08:54
